# wireless pH sensor data log
# Date: 20171015_15_55_32
# Temperature (℃), Voltage of RE (mV), Voltage of WE_Cl after TIA (mV), Voltage of WE_pH (mV), Free Cl Current (nA), pH Voltage (mV), Free Cl (ppm), pH Value
# 
28.44    1499.5    1499.375    2866.25    0.1524390243902439    1366.75    -0.219393130307    6.14
-1000.0    1499.25    1499.25    2866.25    0.0    1367.0    -0.211424622747    3.87
-1000.0    1499.25    1499.25    2870.25    0.0    1371.0    -0.211381998562    1.61
-1000.0    1499.25    1499.375    2869.75    -0.1524390243902439    1370.5    -0.211381768812    0
-1000.0    1499.25    1499.375    2872.875    -0.1524390243902439    1373.625    -0.211411173295    0
-1000.0    1499.25    1499.375    2870.625    -0.1524390243902439    1371.375    -0.211440577778    0
-1000.0    1499.25    1499.375    2865.375    -0.1524390243902439    1366.125    -0.21146998226    0
-1000.0    1499.25    1499.5    2853.5    -0.3048780487804878    1354.25    -0.211499386743    0
-1000.0    1499.25    1499.375    2873.25    -0.1524390243902439    1374.0    -0.211558195708    0
-1000.0    1499.25    1499.5    2874.75    -0.3048780487804878    1375.5    -0.211587600191    0
-0.06    1499.375    1499.375    2875.375    0.0    1376.0    -0.211646409156    0
28.5    1499.5    1499.625    2875.5    -0.1524390243902439    1376.0    -0.207470791503    0
-1000.0    1499.25    1499.375    2875.5    -0.1524390243902439    1376.25    -0.207499611854    0
-1000.0    1499.375    1499.5    2875.5    -0.1524390243902439    1376.125    -0.207528432205    0
-0.06    1499.5    1499.125    2791.25    0.4573170731707317    1291.75    -0.207528432205    0
28.5    1499.375    1499.75    2745.25    -0.4573170731707317    1245.875    -0.203336165303    0
-1000.0    1499.25    1499.625    2643.125    -0.4573170731707317    1143.875    -0.203392673    0
-1000.0    1499.25    1499.75    2565.5    -0.6097560975609756    1066.25    -0.203449180696    0
-1000.0    1499.25    1499.625    1828.0    -0.4573170731707317    328.75    -0.203505688393    0
-1000.0    1499.25    1499.625    1267.75    -0.4573170731707317    -231.5    -0.203562196089    0
-1000.0    1499.25    1499.625    1238.375    -0.4573170731707317    -260.875    -0.203590449938    0
-1000.0    1499.25    1499.5    1234.625    -0.3048780487804878    -264.625    -0.203675211483    0
-1000.0    1499.25    1499.75    1190.625    -0.6097560975609756    -308.625    -0.203703465331    0
-1000.0    1499.25    1499.75    1198.125    -0.6097560975609756    -301.125    -0.203788226876    0
-1000.0    1499.375    1499.625    1265.75    -0.3048780487804878    -233.625    -0.203872988691    0.02
-1000.0    1499.25    1499.5    1241.625    -0.3048780487804878    -257.625    -0.204016194033    2.53
-1000.0    1499.375    1499.75    1228.875    -0.4573170731707317    -270.5    -0.204586081956    5.02
-1000.0    1499.25    1499.625    1193.25    -0.4573170731707317    -306.0    -0.341457271451    7.38
-1000.0    1499.25    1499.625    1202.375    -0.4573170731707317    -296.875    -37.1997044805    9.81
-0.06    1499.375    1499.0    1236.125    0.4573170731707317    -263.25    -476.801499219    10.92
28.5    1499.25    1499.5    1254.0    -0.3048780487804878    -245.25    -531.124510679    10.97
28.5    1499.375    1499.625    1240.25    -0.3048780487804878    -259.125    -481.345109516    10.93
-1000.0    1499.25    1499.625    1283.75    -0.4573170731707317    -215.5    -470.392819847    10.92
-1000.0    1499.25    1499.75    1207.25    -0.6097560975609756    -292.0    -325.447605004    10.76
-1000.0    1499.25    1499.625    1208.0    -0.4573170731707317    -291.25    -310.808872514    10.74
-0.06    1499.5    1499.0    1198.625    0.6097560975609756    -300.875    -391.288688887    10.84
-1000.0    1499.125    1499.625    1200.75    -0.6097560975609756    -298.375    -470.001465043    10.92
-1000.0    1499.25    1499.625    1244.75    -0.4573170731707317    -254.5    -527.399596428    10.97
-1000.0    1499.375    1499.75    1199.0    -0.4573170731707317    -300.375    -428.723155814    10.88
-1000.0    1499.25    1499.75    1238.375    -0.6097560975609756    -260.875    -428.723155814    10.88
-1000.0    1499.25    1499.625    1245.375    -0.4573170731707317    -253.875    -429.139579018    10.88
-1000.0    1499.25    1499.625    1188.75    -0.4573170731707317    -310.5    -439.191830075    10.89
-1000.0    1499.25    1499.625    1301.375    -0.4573170731707317    -197.875    -552.935600293    10.99
-1000.0    1499.25    1499.5    1246.125    -0.3048780487804878    -253.125    -504.300521005    10.95
-1000.0    1499.25    1499.625    1297.375    -0.4573170731707317    -201.875    -439.130956001    10.89
-1000.0    1499.375    1499.625    1242.25    -0.3048780487804878    -257.125    -303.864829748    10.73
-1000.0    1499.25    1499.625    1294.25    -0.4573170731707317    -205.0    -252.986994484    10.65
-1000.0    1499.375    1499.625    1236.125    -0.3048780487804878    -263.25    -171.080075819    10.48
-1000.0    1499.25    1499.5    1243.125    -0.3048780487804878    -256.125    -179.108767742    10.5
-1000.0    1499.25    1499.625    1253.125    -0.4573170731707317    -246.125    -148.98854989    10.42
-0.06    1499.5    1499.0    1331.625    0.6097560975609756    -167.875    -142.272073633    10.4
-1000.0    1499.125    1499.625    1252.25    -0.6097560975609756    -246.875    -98.3931339426    10.24
28.5    1499.5    1499.0    1200.75    0.6097560975609756    -298.75    -74.2424312052    10.12
-1000.0    1499.125    1499.625    1269.0    -0.6097560975609756    -230.125    -112.162672879    10.3
-1000.0    1499.25    1499.625    1348.25    -0.4573170731707317    -151.0    -102.338891301    10.26
-1000.0    1499.25    1499.75    1275.625    -0.6097560975609756    -223.625    -83.2201528234    10.17
-1000.0    1499.375    1499.75    1269.25    -0.4573170731707317    -230.125    -72.5266547065    10.11
-1000.0    1499.25    1499.75    1269.125    -0.6097560975609756    -230.125    -81.3527832862    10.16
-0.06    1499.375    1499.0    1268.5    0.4573170731707317    -230.875    -70.8997937753    10.1
-1000.0    1499.125    1499.625    1267.875    -0.6097560975609756    -231.25    -63.1665810159    10.05
-1000.0    1499.375    1499.625    1266.375    -0.3048780487804878    -233.0    -60.340642091    10.03
-1000.0    1499.25    1499.75    1265.375    -0.6097560975609756    -233.875    -77.7430850748    10.14
-0.06    1499.375    1499.0    1264.125    0.4573170731707317    -235.25    -74.2527286951    10.12
-1000.0    1499.25    1499.75    1265.125    -0.6097560975609756    -234.125    -57.6895130292    10.01
-1000.0    1499.25    1499.625    1265.375    -0.4573170731707317    -233.875    -57.6895130292    10.01
-1000.0    1499.375    1499.625    1265.375    -0.3048780487804878    -234.0    -81.4092252818    10.16
-1000.0    1499.25    1499.75    1265.375    -0.6097560975609756    -233.875    -85.2132174021    10.18
-0.06    1499.5    1499.0    1264.875    0.6097560975609756    -234.625    -85.2250365497    10.18
28.5    1499.25    1499.625    1264.25    -0.4573170731707317    -235.0    -84.6239920668    10.18
-1000.0    1499.25    1499.625    1262.75    -0.4573170731707317    -236.5    -86.6628746436    10.19
-1000.0    1499.25    1499.625    1256.625    -0.4573170731707317    -242.625    -88.6648126339    10.2
-0.06    1499.5    1499.0    1255.75    0.6097560975609756    -243.75    -92.8474383456    10.22
-1000.0    1499.25    1499.625    1255.75    -0.4573170731707317    -243.5    -94.9003009799    10.23
-1000.0    1499.25    1499.625    1254.875    -0.4573170731707317    -244.375    -99.4467195696    10.25
-1000.0    1499.25    1499.625    1254.875    -0.4573170731707317    -244.375    -104.110154143    10.27
-1000.0    1499.25    1499.625    1255.75    -0.4573170731707317    -243.5    -109.007819036    10.29
-1000.0    1499.25    1499.625    1255.875    -0.4573170731707317    -243.375    -111.558020409    10.3
-0.06    1499.5    1499.0    1255.875    0.6097560975609756    -243.625    -116.790483256    10.32
-1000.0    1499.25    1499.625    1256.625    -0.4573170731707317    -242.625    -119.506486531    10.33
-0.06    1499.5    1499.0    1256.625    0.6097560975609756    -242.875    -125.129758215    10.35
28.56    1499.25    1499.625    1257.625    -0.4573170731707317    -241.625    -124.279799041    10.35
-1000.0    1499.25    1499.625    1256.25    -0.4573170731707317    -243.0    -124.279799041    10.35
28.56    1499.5    1499.0    1256.25    0.6097560975609756    -243.25    -120.870953157    10.34
28.56    1499.25    1499.5    1256.875    -0.3048780487804878    -242.375    -117.338575223    10.33
-1000.0    1499.25    1499.625    1256.875    -0.4573170731707317    -242.375    -114.655762297    10.32
-1000.0    1499.25    1499.625    1256.375    -0.4573170731707317    -242.875    -114.655762297    10.32
-1000.0    1499.25    1499.625    1256.375    -0.4573170731707317    -242.875    -114.655762297    10.32
-1000.0    1499.25    1499.625    1256.5    -0.4573170731707317    -242.75    -114.655762297    10.32
-1000.0    1499.25    1499.75    1256.875    -0.6097560975609756    -242.375    -114.767267867    10.32
-1000.0    1499.25    1499.625    1256.5    -0.4573170731707317    -242.75    -114.783197235    10.32
-1000.0    1499.25    1499.625    1256.625    -0.4573170731707317    -242.625    -114.894702805    10.32
-1000.0    1499.25    1499.625    1256.125    -0.4573170731707317    -243.125    -114.894702805    10.32
-1000.0    1499.25    1499.75    1256.875    -0.6097560975609756    -242.375    -114.894702805    10.32
-1000.0    1499.375    1499.625    1256.375    -0.3048780487804878    -243.0    -115.022137743    10.32
-1000.0    1499.25    1499.625    1256.625    -0.4573170731707317    -242.625    -115.022137743    10.32
-1000.0    1499.25    1499.625    1256.0    -0.4573170731707317    -243.25    -115.022137743    10.32
28.56    1499.5    1499.0    1256.375    0.6097560975609756    -243.125    -114.378538736    10.32
28.62    1499.375    1499.625    1257.0    -0.3048780487804878    -242.375    -114.256014494    10.32
28.62    1499.5    1499.375    1257.75    0.1524390243902439    -241.75    -114.228539036    10.32
-1000.0    1499.25    1499.625    1257.125    -0.4573170731707317    -242.125    -114.149353995    10.32
-1000.0    1499.375    1499.625    1256.5    -0.3048780487804878    -242.875    -114.149353995    10.32
-1000.0    1499.25    1499.75    1257.75    -0.6097560975609756    -241.5    -114.133516987    10.32
-1000.0    1499.25    1499.625    1258.125    -0.4573170731707317    -241.125    -111.554998755    10.31
-1000.0    1499.25    1499.625    1257.5    -0.4573170731707317    -241.75    -111.539521686    10.31
-1000.0    1499.25    1499.625    1257.875    -0.4573170731707317    -241.375    -111.554998755    10.31
-1000.0    1499.25    1499.625    1257.75    -0.4573170731707317    -241.5    -111.554998755    10.31
-1000.0    1499.25    1499.625    1256.25    -0.4573170731707317    -243.0    -109.019698251    10.3
-1000.0    1499.25    1499.75    1258.0    -0.6097560975609756    -241.25    -109.125575512    10.3
-1000.0    1499.25    1499.625    1258.25    -0.4573170731707317    -241.0    -109.155826158    10.3
-1000.0    1499.25    1499.75    1257.25    -0.6097560975609756    -242.0    -109.21632745    10.3
-1000.0    1499.25    1499.625    1257.75    -0.4573170731707317    -241.5    -109.231452773    10.3
-1000.0    1499.25    1499.75    1257.375    -0.6097560975609756    -241.875    -109.246578096    10.3
-0.06    1499.5    1499.0    1257.75    0.6097560975609756    -241.75    -109.246578096    10.3
28.69    1499.25    1499.625    1257.625    -0.4573170731707317    -241.625    -109.129584592    10.3
-1000.0    1499.25    1499.625    1257.25    -0.4573170731707317    -242.0    -109.129584592    10.3
-1000.0    1499.25    1499.625    1257.875    -0.4573170731707317    -241.375    -109.129584592    10.3
-1000.0    1499.25    1499.75    1258.75    -0.6097560975609756    -240.5    -109.129584592    10.3
-0.06    1499.375    1499.125    1261.125    0.3048780487804878    -238.25    -109.144708375    10.3
28.69    1499.25    1499.625    1259.625    -0.4573170731707317    -239.625    -106.558413791    10.29
28.69    1499.5    1499.375    1260.375    0.1524390243902439    -239.125    -106.541241169    10.29
-1000.0    1499.25    1499.625    1260.25    -0.4573170731707317    -239.0    -104.047866464    10.28
28.69    1499.5    1499.125    1259.375    0.4573170731707317    -240.125    -104.031103786    10.28
28.69    1499.5    1499.625    1259.375    -0.1524390243902439    -240.125    -101.551937743    10.27
-1000.0    1499.25    1499.625    1257.625    -0.4573170731707317    -241.625    -101.62247207    10.27
-1000.0    1499.25    1499.625    1258.375    -0.4573170731707317    -240.875    -101.62247207    10.27
-1000.0    1499.375    1499.625    1258.5    -0.3048780487804878    -240.875    -101.62247207    10.27
-1000.0    1499.25    1499.625    1257.5    -0.4573170731707317    -241.75    -101.608365204    10.27
-1000.0    1499.25    1499.625    1257.75    -0.4573170731707317    -241.5    -101.594258339    10.27
28.69    1499.5    1499.125    1254.75    0.4573170731707317    -244.75    -104.01732636    10.28
28.69    1499.25    1499.625    1256.0    -0.4573170731707317    -243.25    -106.33579411    10.29
-1000.0    1499.25    1499.75    1256.875    -0.6097560975609756    -242.375    -106.394863316    10.29
-1000.0    1499.25    1499.625    1256.0    -0.4573170731707317    -243.25    -108.884148117    10.3
-0.06    1499.5    1499.125    1256.5    0.4573170731707317    -243.0    -108.974812376    10.3
28.69    1499.5    1499.625    1255.75    -0.1524390243902439    -243.75    -111.434962108    10.31
-1000.0    1499.25    1499.625    1257.125    -0.4573170731707317    -242.125    -111.404041278    10.31
-1000.0    1499.25    1499.625    1256.875    -0.4573170731707317    -242.375    -111.404041278    10.31
-1000.0    1499.25    1499.625    1255.25    -0.4573170731707317    -244.0    -114.010714895    10.32
-1000.0    1499.25    1499.625    1257.5    -0.4573170731707317    -241.75    -114.010714895    10.32
-0.06    1499.5    1499.125    1256.625    0.4573170731707317    -242.875    -114.010714895    10.32
28.75    1499.25    1499.625    1256.125    -0.4573170731707317    -243.125    -113.998170394    10.32
-1000.0    1499.25    1499.625    1256.125    -0.4573170731707317    -243.125    -113.998170394    10.32
-1000.0    1499.25    1499.625    1256.625    -0.4573170731707317    -242.625    -113.982352166    10.32
-1000.0    1499.25    1499.625    1256.75    -0.4573170731707317    -242.5    -113.982352166    10.32
28.75    1499.5    1499.125    1257.5    0.4573170731707317    -242.0    -114.064713086    10.32
28.75    1499.5    1499.625    1257.125    -0.1524390243902439    -242.375    -111.398190036    10.31
-1000.0    1499.25    1499.625    1256.375    -0.4573170731707317    -242.875    -111.367279409    10.31
-1000.0    1499.25    1499.625    1256.875    -0.4573170731707317    -242.375    -113.957280899    10.32
28.75    1499.5    1499.125    1256.875    0.4573170731707317    -242.625    -111.361627441    10.31
28.75    1499.25    1499.75    1256.625    -0.6097560975609756    -242.625    -111.263253989    10.31
-1000.0    1499.25    1499.625    1257.5    -0.4573170731707317    -241.75    -111.371430203    10.31
-1000.0    1499.25    1499.75    1257.375    -0.6097560975609756    -241.875    -111.371430203    10.31
-1000.0    1499.25    1499.625    1257.25    -0.4573170731707317    -242.0    -111.386883948    10.31
-1000.0    1499.25    1499.625    1256.75    -0.4573170731707317    -242.5    -111.386883948    10.31
-1000.0    1499.25    1499.625    1257.0    -0.4573170731707317    -242.25    -111.386883948    10.31
-1000.0    1499.25    1499.5    1257.375    -0.3048780487804878    -241.875    -111.479606417    10.31
-1000.0    1499.375    1499.625    1257.5    -0.3048780487804878    -241.875    -111.495060162    10.31
-1000.0    1499.25    1499.625    1256.625    -0.4573170731707317    -242.625    -111.479606417    10.31
-1000.0    1499.25    1499.5    1257.75    -0.3048780487804878    -241.5    -111.479606417    10.31
-1000.0    1499.25    1499.5    1257.875    -0.3048780487804878    -241.375    -109.021519498    10.3
-1000.0    1499.125    1499.625    1257.625    -0.6097560975609756    -241.5    -108.991314444    10.3
-1000.0    1499.25    1499.625    1257.25    -0.4573170731707317    -242.0    -109.006416971    10.3
-1000.0    1499.25    1499.5    1256.375    -0.3048780487804878    -242.875    -108.991314444    10.3
-1000.0    1499.25    1499.625    1256.25    -0.4573170731707317    -243.0    -108.976211917    10.3
-1000.0    1499.25    1499.625    1257.5    -0.4573170731707317    -241.75    -108.976211917    10.3
-1000.0    1499.25    1499.625    1256.625    -0.4573170731707317    -242.625    -108.976211917    10.3
-1000.0    1499.25    1499.625    1257.375    -0.4573170731707317    -241.875    -108.991314444    10.3
-1000.0    1499.25    1499.625    1256.625    -0.4573170731707317    -242.625    -109.006416971    10.3
-1000.0    1499.25    1499.625    1256.125    -0.4573170731707317    -243.125    -109.006416971    10.3
-0.06    1499.375    1499.125    1257.375    0.3048780487804878    -242.0    -111.556875141    10.31
28.75    1499.25    1499.75    1256.75    -0.6097560975609756    -242.5    -111.489403107    10.31
-1000.0    1499.25    1499.625    1256.875    -0.4573170731707317    -242.375    -111.489403107    10.31
-1000.0    1499.25    1499.625    1257.0    -0.4573170731707317    -242.25    -111.489403107    10.31
-1000.0    1499.25    1499.75    1256.875    -0.6097560975609756    -242.375    -111.504856068    10.31
-1000.0    1499.25    1499.625    1257.375    -0.4573170731707317    -241.875    -111.520309029    10.31
-1000.0    1499.25    1499.625    1257.625    -0.4573170731707317    -241.625    -111.520309029    10.31
-1000.0    1499.25    1499.625    1257.625    -0.4573170731707317    -241.625    -111.520309029    10.31
-1000.0    1499.25    1499.625    1257.75    -0.4573170731707317    -241.5    -111.520309029    10.31
-1000.0    1499.25    1499.625    1258.25    -0.4573170731707317    -241.0    -108.985784005    10.3
-1000.0    1499.25    1499.75    1256.875    -0.6097560975609756    -242.375    -108.985784005    10.3
-1000.0    1499.25    1499.625    1258.0    -0.4573170731707317    -241.25    -109.076394571    10.3
-1000.0    1499.25    1499.625    1257.75    -0.4573170731707317    -241.5    -109.06129281    10.3
-1000.0    1499.25    1499.625    1257.625    -0.4573170731707317    -241.625    -109.06129281    10.3
28.75    1499.5    1499.125    1257.75    0.4573170731707317    -241.75    -109.055759503    10.3
28.81    1499.5    1499.625    1257.125    -0.1524390243902439    -242.375    -108.944525559    10.3
-1000.0    1499.25    1499.625    1257.375    -0.4573170731707317    -241.875    -108.914325101    10.3
-1000.0    1499.25    1499.625    1258.0    -0.4573170731707317    -241.25    -108.914325101    10.3
-1000.0    1499.25    1499.625    1257.875    -0.4573170731707317    -241.375    -108.914325101    10.3
-1000.0    1499.25    1499.625    1258.25    -0.4573170731707317    -241.0    -108.914325101    10.3
-1000.0    1499.25    1499.625    1257.875    -0.4573170731707317    -241.375    -108.914325101    10.3
-1000.0    1499.25    1499.625    1258.375    -0.4573170731707317    -240.875    -106.424359005    10.29
-0.06    1499.5    1499.125    1258.0    0.4573170731707317    -241.5    -106.424359005    10.29
28.81    1499.5    1499.625    1259.375    -0.1524390243902439    -240.125    -106.325029363    10.29
-1000.0    1499.25    1499.625    1258.0    -0.4573170731707317    -241.25    -106.295518241    10.29
-1000.0    1499.375    1499.625    1259.5    -0.3048780487804878    -239.875    -106.384051606    10.29
-0.06    1499.5    1499.0    1258.75    0.6097560975609756    -240.75    -106.398807166    10.29
28.81    1499.5    1499.625    1261.625    -0.1524390243902439    -237.875    -103.869377915    10.28
-1000.0    1499.25    1499.625    1258.875    -0.4573170731707317    -240.375    -103.840540369    10.28
-1000.0    1499.25    1499.625    1261.125    -0.4573170731707317    -238.125    -103.840540369    10.28
-0.06    1499.375    1499.125    1259.75    0.3048780487804878    -239.625    -101.480816218    10.27
28.81    1499.25    1499.75    1258.875    -0.6097560975609756    -240.375    -101.400076426    10.27
-1000.0    1499.25    1499.625    1258.125    -0.4573170731707317    -241.125    -101.414166111    10.27
-1000.0    1499.25    1499.75    1259.0    -0.6097560975609756    -240.25    -101.498704216    10.27
28.81    1499.5    1499.125    1260.25    0.4573170731707317    -239.25    -101.53582535    10.27
28.81    1499.5    1499.625    1259.5    -0.1524390243902439    -240.0    -99.140924616    10.26
-1000.0    1499.25    1499.625    1257.625    -0.4573170731707317    -241.625    -99.1271564965    10.26
-1000.0    1499.25    1499.625    1257.125    -0.4573170731707317    -242.125    -99.2235333334    10.26
-1000.0    1499.25    1499.625    1259.375    -0.4573170731707317    -239.875    -101.558854833    10.27
-1000.0    1499.25    1499.75    1257.0    -0.6097560975609756    -242.25    -101.558854833    10.27
-1000.0    1499.25    1499.625    1256.5    -0.4573170731707317    -242.75    -103.934811167    10.28
-0.06    1499.5    1499.125    1259.75    0.4573170731707317    -239.75    -104.006890412    10.28
28.87    1499.5    1499.625    1257.125    -0.1524390243902439    -242.375    -103.900713364    10.28
-1000.0    1499.25    1499.75    1257.125    -0.6097560975609756    -242.125    -103.871883128    10.28
-1000.0    1499.25    1499.75    1259.75    -0.6097560975609756    -239.5    -106.287303289    10.29
-1000.0    1499.375    1499.625    1257.75    -0.3048780487804878    -241.625    -106.390555565    10.29
-1000.0    1499.25    1499.75    1257.625    -0.6097560975609756    -241.625    -106.405305891    10.29
-1000.0    1499.25    1499.75    1258.375    -0.6097560975609756    -240.875    -106.420056216    10.29
-1000.0    1499.25    1499.625    1257.5    -0.4573170731707317    -241.75    -106.434806541    10.29
-1000.0    1499.25    1499.75    1260.5    -0.6097560975609756    -238.75    -106.434806541    10.29
28.87    1499.5    1499.0    1259.375    0.6097560975609756    -240.125    -106.424021106    10.29
28.87    1499.25    1499.625    1256.625    -0.4573170731707317    -242.625    -103.894070237    10.28
-1000.0    1499.25    1499.625    1257.375    -0.4573170731707317    -241.875    -106.398492058    10.29
-1000.0    1499.25    1499.625    1257.25    -0.4573170731707317    -242.0    -106.427986731    10.29
-1000.0    1499.25    1499.75    1258.5    -0.6097560975609756    -240.75    -106.413239394    10.29
-1000.0    1499.25    1499.625    1258.0    -0.4573170731707317    -241.25    -106.413239394    10.29
28.87    1499.5    1499.0    1257.875    0.6097560975609756    -241.625    -106.417207241    10.29
28.87    1499.25    1499.75    1258.75    -0.6097560975609756    -240.5    -106.288476666    10.29
-1000.0    1499.25    1499.75    1258.875    -0.6097560975609756    -240.375    -106.288476666    10.29
-1000.0    1499.25    1499.75    1258.5    -0.6097560975609756    -240.75    -103.887435785    10.28
-1000.0    1499.25    1499.625    1258.5    -0.4573170731707317    -240.75    -106.303221015    10.29
-1000.0    1499.25    1499.75    1259.0    -0.6097560975609756    -240.25    -106.406431462    10.29
-1000.0    1499.25    1499.75    1258.0    -0.6097560975609756    -241.25    -104.002710008    10.28
-1000.0    1499.25    1499.625    1258.125    -0.4573170731707317    -241.125    -104.017119286    10.28
-0.06    1499.5    1499.125    1259.25    0.4573170731707317    -240.25    -104.017119286    10.28
28.87    1499.5    1499.75    1256.25    -0.3048780487804878    -243.25    -103.910993482    10.28
-1000.0    1499.375    1499.625    1258.125    -0.3048780487804878    -241.25    -103.896584933    10.28
-1000.0    1499.25    1499.75    1256.0    -0.6097560975609756    -243.25    -103.983036224    10.28
-1000.0    1499.375    1499.75    1257.75    -0.4573170731707317    -241.625    -106.401044961    10.29
-0.06    1499.5    1499.0    1258.125    0.6097560975609756    -241.375    -106.386301358    10.29
28.87    1499.25    1499.625    1257.125    -0.4573170731707317    -242.125    -106.262973675    10.29
-1000.0    1499.375    1499.625    1258.375    -0.3048780487804878    -241.0    -106.262973675    10.29
-1000.0    1499.25    1499.625    1257.625    -0.4573170731707317    -241.625    -106.233487961    10.29
-1000.0    1499.25    1499.625    1257.875    -0.4573170731707317    -241.375    -108.688837585    10.3
-1000.0    1499.25    1499.625    1258.25    -0.4573170731707317    -241.0    -108.688837585    10.3
28.87    1499.5    1499.125    1257.875    0.4573170731707317    -241.625    -108.773846914    10.3
28.87    1499.25    1499.75    1256.875    -0.6097560975609756    -242.375    -106.222735997    10.29
-1000.0    1499.25    1499.75    1256.875    -0.6097560975609756    -242.375    -108.723090479    10.3
-1000.0    1499.25    1499.75    1258.125    -0.6097560975609756    -241.125    -106.252218726    10.29
-1000.0    1499.25    1499.625    1258.75    -0.4573170731707317    -240.5    -106.266960091    10.29
-1000.0    1499.25    1499.625    1259.25    -0.4573170731707317    -240.0    -106.370149644    10.29
-1000.0    1499.375    1499.625    1257.875    -0.3048780487804878    -241.5    -106.370149644    10.29
-1000.0    1499.375    1499.625    1257.0    -0.3048780487804878    -242.375    -106.370149644    10.29
-1000.0    1499.25    1499.625    1258.25    -0.4573170731707317    -241.0    -106.355408279    10.29
-1000.0    1499.25    1499.625    1258.5    -0.4573170731707317    -240.75    -106.355408279    10.29
-1000.0    1499.25    1499.625    1258.75    -0.4573170731707317    -240.5    -106.355408279    10.29
28.87    1499.5    1499.125    1258.625    0.4573170731707317    -240.875    -106.438470679    10.29
28.87    1499.25    1499.75    1258.0    -0.6097560975609756    -241.25    -103.913512533    10.28
-1000.0    1499.25    1499.625    1257.375    -0.4573170731707317    -241.875    -103.913512533    10.28
28.87    1499.5    1499.125    1258.75    0.4573170731707317    -240.75    -103.89910763    10.28
28.87    1499.5    1499.75    1259.25    -0.3048780487804878    -240.25    -103.812678212    10.28
-1000.0    1499.25    1499.625    1259.0    -0.4573170731707317    -240.25    -106.211987718    10.29
-1000.0    1499.25    1499.625    1259.5    -0.4573170731707317    -239.75    -103.812678212    10.28
28.94    1499.5    1499.125    1258.75    0.4573170731707317    -240.75    -103.827083115    10.28
28.94    1499.5    1499.75    1259.625    -0.3048780487804878    -239.875    -103.73453093    10.28
-1000.0    1499.25    1499.625    1259.75    -0.4573170731707317    -239.5    -103.720126878    10.28
-1000.0    1499.375    1499.625    1259.25    -0.3048780487804878    -240.125    -101.363130678    10.27
-1000.0    1499.25    1499.625    1259.375    -0.4573170731707317    -239.875    -101.433514311    10.27
-1000.0    1499.25    1499.625    1258.875    -0.4573170731707317    -240.375    -101.419437584    10.27
-1000.0    1499.375    1499.625    1258.75    -0.3048780487804878    -240.625    -101.419437584    10.27
-1000.0    1499.25    1499.75    1259.25    -0.6097560975609756    -240.0    -101.489821218    10.27
-1000.0    1499.25    1499.625    1259.75    -0.4573170731707317    -239.5    -101.517974672    10.27
-1000.0    1499.25    1499.625    1260.125    -0.4573170731707317    -239.125    -101.517974672    10.27
-1000.0    1499.375    1499.75    1260.25    -0.4573170731707317    -239.125    -101.517974672    10.27
-1000.0    1499.375    1499.625    1259.875    -0.3048780487804878    -239.5    -99.2936527374    10.26
-1000.0    1499.25    1499.625    1259.625    -0.4573170731707317    -239.625    -99.2936527374    10.26
-1000.0    1499.25    1499.625    1258.375    -0.4573170731707317    -240.875    -99.2936527374    10.26
-1000.0    1499.25    1499.625    1259.125    -0.4573170731707317    -240.125    -99.3074095889    10.26
-1000.0    1499.25    1499.625    1259.125    -0.4573170731707317    -240.125    -99.3074095889    10.26
-0.06    1499.5    1499.125    1259.625    0.4573170731707317    -239.875    -99.3074095889    10.26
28.94    1499.5    1499.75    1259.25    -0.3048780487804878    -240.25    -99.2327681385    10.26
28.94    1499.5    1499.5    1258.875    0.0    -240.625    -99.1994016581    10.26
-1000.0    1499.25    1499.625    1258.625    -0.4573170731707317    -240.625    -99.1581359747    10.26
-0.06    1499.5    1499.125    1258.875    0.4573170731707317    -240.625    -101.463768215    10.27
28.94    1499.5    1499.625    1259.25    -0.1524390243902439    -240.25    -101.373336458    10.27
28.94    1499.5    1499.625    1259.125    -0.1524390243902439    -240.375    -101.353282879    10.27
28.94    1499.5    1499.0    1258.25    0.6097560975609756    -241.25    -101.319159575    10.27
-1000.0    1499.25    1499.625    1257.875    -0.4573170731707317    -241.375    -101.220651553    10.27
-1000.0    1499.375    1499.625    1259.0    -0.3048780487804878    -240.375    -101.220651553    10.27
-1000.0    1499.25    1499.625    1260.625    -0.4573170731707317    -238.625    -101.206578978    10.27
-1000.0    1499.375    1499.625    1257.375    -0.3048780487804878    -242.0    -101.291014425    10.27
-1000.0    1499.375    1499.625    1258.125    -0.3048780487804878    -241.25    -103.646336178    10.28
-1000.0    1499.375    1499.75    1257.875    -0.4573170731707317    -241.5    -103.675135787    10.28
-1000.0    1499.25    1499.625    1258.375    -0.4573170731707317    -240.875    -103.675135787    10.28
-1000.0    1499.25    1499.625    1257.75    -0.4573170731707317    -241.5    -103.761534613    10.28
-1000.0    1499.25    1499.75    1259.5    -0.6097560975609756    -239.75    -103.790334222    10.28
-0.06    1499.375    1499.125    1259.125    0.3048780487804878    -240.25    -103.833533635    10.28
28.94    1499.25    1499.5    1259.25    -0.3048780487804878    -240.0    -103.856208448    10.28
28.94    1499.5    1499.625    1258.75    -0.1524390243902439    -240.75    -103.835686762    10.28
-1000.0    1499.25    1499.625    1259.375    -0.4573170731707317    -239.875    -103.821288656    10.28
-1000.0    1499.375    1499.625    1258.75    -0.3048780487804878    -240.625    -103.821288656    10.28
-0.06    1499.5    1499.125    1259.75    0.4573170731707317    -239.75    -103.821288656    10.28
-1000.0    1499.25    1499.625    1264.875    -0.4573170731707317    -234.375    -101.391635637    10.27
-1000.0    1499.375    1499.625    1259.5    -0.3048780487804878    -239.875    -99.0876400997    10.26
-1000.0    1499.25    1499.625    1260.0    -0.4573170731707317    -239.25    -99.0738889284    10.26
-1000.0    1499.25    1499.625    1259.75    -0.4573170731707317    -239.5    -99.0738889284    10.26
-1000.0    1499.25    1499.625    1259.75    -0.4573170731707317    -239.5    -96.8092124918    10.25
-1000.0    1499.25    1499.625    1259.625    -0.4573170731707317    -239.625    -96.8764060216    10.25
28.94    1499.5    1499.125    1260.375    0.4573170731707317    -239.125    -96.88413128    10.25
-1000.0    1499.125    1499.625    1260.625    -0.6097560975609756    -238.5    -96.8303796259    10.25
-1000.0    1499.25    1499.625    1258.5    -0.4573170731707317    -240.75    -96.8438175394    10.25
-1000.0    1499.25    1499.625    1259.75    -0.4573170731707317    -239.5    -96.8572554529    10.25
-1000.0    1499.25    1499.625    1259.0    -0.4573170731707317    -240.25    -96.937882934    10.25
-1000.0    1499.25    1499.625    1259.0    -0.4573170731707317    -240.25    -99.1918004291    10.26
-1000.0    1499.25    1499.625    1257.5    -0.4573170731707317    -241.75    -99.2055507896    10.26
29.0    1499.5    1499.125    1258.625    0.4573170731707317    -240.875    -99.1997020978    10.26
29.0    1499.25    1499.625    1259.0    -0.4573170731707317    -240.25    -99.1121967252    10.26
29.0    1499.375    1499.625    1258.375    -0.3048780487804878    -241.0    -101.411641438    10.27
-1000.0    1499.25    1499.625    1257.25    -0.4573170731707317    -242.0    -101.397573603    10.27
-1000.0    1499.25    1499.625    1258.125    -0.4573170731707317    -241.125    -101.481980609    10.27
-1000.0    1499.25    1499.75    1257.125    -0.6097560975609756    -242.125    -103.827350772    10.28
29.0    1499.5    1499.0    1256.25    0.6097560975609756    -243.25    -103.836501043    10.28
-1000.0    1499.125    1499.625    1257.5    -0.6097560975609756    -241.625    -106.148007964    10.29
-1000.0    1499.25    1499.625    1259.625    -0.4573170731707317    -239.625    -106.162736914    10.29
-1000.0    1499.25    1499.75    1257.375    -0.6097560975609756    -241.875    -106.162736914    10.29
-1000.0    1499.25    1499.625    1257.375    -0.4573170731707317    -241.875    -106.177465864    10.29
-1000.0    1499.25    1499.75    1257.75    -0.6097560975609756    -241.5    -106.265839565    10.29
-1000.0    1499.25    1499.625    1258.0    -0.4573170731707317    -241.25    -106.280568515    10.29
-1000.0    1499.25    1499.625    1257.875    -0.4573170731707317    -241.375    -106.295297465    10.29
-1000.0    1499.25    1499.625    1258.125    -0.4573170731707317    -241.125    -106.295297465    10.29
-1000.0    1499.25    1499.625    1257.5    -0.4573170731707317    -241.75    -106.295297465    10.29
-1000.0    1499.25    1499.75    1260.25    -0.6097560975609756    -239.0    -106.280568515    10.29
-1000.0    1499.25    1499.625    1262.25    -0.4573170731707317    -237.0    -103.980443316    10.28
-1000.0    1499.25    1499.625    1265.375    -0.4573170731707317    -233.875    -103.966049089    10.28
-1000.0    1499.25    1499.625    1272.75    -0.4573170731707317    -226.5    -101.60345881    10.27
-1000.0    1499.25    1499.625    1266.25    -0.4573170731707317    -233.0    -94.8203640983    10.24
-1000.0    1499.25    1499.625    1273.875    -0.4573170731707317    -225.375    -90.5605852056    10.22
-1000.0    1499.375    1499.5    1262.875    -0.1524390243902439    -236.5    -86.4805512899    10.2
-1000.0    1499.25    1499.5    1255.25    -0.3048780487804878    -244.0    -84.4925692714    10.19
-1000.0    1499.25    1499.5    1254.0    -0.3048780487804878    -245.25    -84.4808646893    10.19
-1000.0    1499.25    1499.5    1254.0    -0.3048780487804878    -245.25    -86.43264467    10.2
-1000.0    1499.25    1499.5    1257.0    -0.3048780487804878    -242.25    -86.420668015    10.2
-0.06    1499.5    1499.25    1255.625    0.3048780487804878    -243.875    -88.4050994679    10.21
-1000.0    1499.375    1499.625    1250.625    -0.3048780487804878    -248.75    -90.397565719    10.22
