# wireless pH sensor data log
# Date: 20171015_21_44_53
# Temperature (℃), Voltage of RE (mV), Voltage of WE_Cl after TIA (mV), Voltage of WE_pH (mV), Free Cl Current (nA), pH Voltage (mV), Free Cl (ppm), pH Value
# 
24.19    1499.5    1499.375    1166.625    0.1524390243902439    -332.875    -0.219393130307    6.14
24.19    1499.5    1499.375    1153.125    0.1524390243902439    -346.375    -0.238187632768    6.69
-0.06    1499.5    1499.375    1154.25    0.1524390243902439    -345.25    -0.322366470019    7.29
24.19    1499.375    1499.625    1157.875    -0.3048780487804878    -341.5    -0.665498458007    7.9
-1000.0    1499.375    1499.5    1158.5    -0.1524390243902439    -340.875    -2.0709529022    8.51
-1000.0    1499.375    1499.5    1162.25    -0.1524390243902439    -337.125    -7.79682708294    9.12
-1000.0    1499.375    1499.5    1159.125    -0.1524390243902439    -340.25    -30.4222960654    9.72
-1000.0    1499.375    1499.625    1158.25    -0.3048780487804878    -341.125    -123.310490958    10.33
-1000.0    1499.375    1499.625    1161.875    -0.3048780487804878    -337.5    -490.422417859    10.93
-1000.0    1499.375    1499.625    1160.625    -0.3048780487804878    -338.75    -1997.79812239    11.54
-1000.0    1499.375    1499.625    1160.875    -0.3048780487804878    -338.5    -7954.96579766    12.14
-0.06    1499.5    1499.375    1160.375    0.1524390243902439    -339.125    -8143.64872057    12.15
24.19    1499.375    1499.625    1161.0    -0.3048780487804878    -338.375    -7759.79330663    12.13
-1000.0    1499.375    1499.625    1159.125    -0.3048780487804878    -340.25    -7586.3228862    12.12
-1000.0    1499.25    1499.625    1160.875    -0.4573170731707317    -338.375    -7586.3228862    12.12
-1000.0    1499.375    1499.625    1157.875    -0.3048780487804878    -341.5    -7415.70008865    12.11
-1000.0    1499.375    1499.625    1159.5    -0.3048780487804878    -339.875    -7589.4822042    12.12
24.19    1499.5    1499.25    1158.25    0.3048780487804878    -341.25    -7573.7625854    12.12
24.19    1499.375    1499.625    1152.75    -0.3048780487804878    -346.625    -7381.0578428    12.11
-1000.0    1499.375    1499.625    1223.25    -0.3048780487804878    -276.125    -7728.90673167    12.13
-1000.0    1499.375    1499.625    1251.25    -0.3048780487804878    -248.125    -5999.58738218    12.02
-1000.0    1499.375    1499.625    1248.5    -0.3048780487804878    -250.875    -4150.76346632    11.86
-1000.0    1499.375    1499.625    1251.375    -0.3048780487804878    -248.0    -2872.88573445    11.7
24.19    1499.5    1499.25    1252.25    0.3048780487804878    -247.25    -1938.15711022    11.53
24.12    1499.25    1499.75    1252.125    -0.6097560975609756    -247.125    -1337.30927733    11.37
-1000.0    1499.375    1499.75    1251.75    -0.4573170731707317    -247.625    -904.323016047    11.2
-1000.0    1499.25    1499.75    1252.5    -0.6097560975609756    -246.75    -625.787800546    11.04
-1000.0    1499.375    1499.625    1251.625    -0.3048780487804878    -247.75    -423.267406269    10.87
-1000.0    1499.375    1499.625    1250.375    -0.3048780487804878    -249.0    -286.388236865    10.7
-1000.0    1499.375    1499.75    1252.875    -0.4573170731707317    -246.5    -193.687729932    10.53
-1000.0    1499.375    1499.625    1254.0    -0.3048780487804878    -245.375    -172.67031054    10.48
-1000.0    1499.375    1499.625    1220.5    -0.3048780487804878    -278.875    -168.744459275    10.47
-0.06    1499.5    1499.375    1153.625    0.1524390243902439    -345.875    -189.309713296    10.52
24.12    1499.25    1499.625    1103.25    -0.4573170731707317    -396.0    -279.216958485    10.69
-1000.0    1499.375    1499.625    1070.875    -0.3048780487804878    -428.5    -520.113584493    10.96
-1000.0    1499.375    1499.625    1064.25    -0.3048780487804878    -435.125    -1086.15105378    11.28
-1000.0    1499.375    1499.875    1097.5    -0.6097560975609756    -401.875    -2321.59906199    11.61
-1000.0    1499.25    1499.75    1247.625    -0.6097560975609756    -251.625    -4423.53382648    11.89
-1000.0    1499.375    1499.625    1248.25    -0.3048780487804878    -251.125    -4527.82198738    11.9
-0.06    1499.5    1499.25    1247.125    0.3048780487804878    -252.375    -4527.82198738    11.9
-1000.0    1499.375    1499.625    1242.125    -0.3048780487804878    -257.25    -4630.07196094    11.91
-1000.0    1499.375    1499.625    1194.125    -0.3048780487804878    -305.25    -4848.27106138    11.93
-1000.0    1499.375    1499.625    1194.25    -0.3048780487804878    -305.125    -5439.82508798    11.98
-1000.0    1499.375    1499.625    1184.5    -0.3048780487804878    -314.875    -4631.99908058    11.91
24.12    1499.5    1499.375    1182.625    0.1524390243902439    -316.875    -3272.08251009    11.76
24.12    1499.5    1499.625    1185.75    -0.1524390243902439    -313.75    -2059.55811046    11.56
-1000.0    1499.375    1499.625    1181.75    -0.3048780487804878    -317.625    -1240.91311141    11.34
-1000.0    1499.375    1499.625    1186.875    -0.3048780487804878    -312.5    -878.313284122    11.19
24.12    1499.5    1499.25    1187.625    0.3048780487804878    -311.875    -1131.1912541    11.3
24.12    1499.375    1499.625    1185.125    -0.3048780487804878    -314.25    -1456.4877793    11.41
-1000.0    1499.375    1499.625    1187.25    -0.3048780487804878    -312.125    -1877.30528909    11.52
-1000.0    1499.375    1499.625    1186.125    -0.3048780487804878    -313.25    -2363.33598562    11.62
-0.06    1499.5    1499.25    1182.625    0.3048780487804878    -316.875    -2418.38053317    11.63
-1000.0    1499.375    1499.625    1179.375    -0.3048780487804878    -320.0    -2530.93943504    11.65
-1000.0    1499.375    1499.625    1183.5    -0.3048780487804878    -315.875    -2589.887971    11.66
-1000.0    1499.375    1499.625    1184.625    -0.3048780487804878    -314.75    -2590.96742682    11.66
24.12    1499.5    1499.25    1182.25    0.3048780487804878    -317.25    -2591.50103716    11.66
-1000.0    1499.375    1499.625    1183.25    -0.3048780487804878    -316.125    -2590.06166621    11.66
-1000.0    1499.375    1499.625    1178.875    -0.3048780487804878    -320.5    -2650.3873349    11.67
-1000.0    1499.375    1499.75    1252.5    -0.4573170731707317    -246.875    -2713.62537014    11.68
-1000.0    1499.375    1499.625    1249.625    -0.3048780487804878    -249.75    -2058.82907904    11.56
-1000.0    1499.375    1499.625    1250.25    -0.3048780487804878    -249.125    -1598.20452486    11.45
24.06    1499.5    1499.25    1250.5    0.3048780487804878    -249.0    -1240.72928414    11.34
-1000.0    1499.25    1499.625    1251.75    -0.4573170731707317    -247.5    -941.237315467    11.22
-1000.0    1499.375    1499.75    1249.625    -0.4573170731707317    -249.75    -697.897071087    11.09
-1000.0    1499.375    1499.75    1252.0    -0.4573170731707317    -247.375    -529.530475605    10.97
-1000.0    1499.375    1499.625    1251.625    -0.3048780487804878    -247.75    -401.79362129    10.85
-1000.0    1499.375    1499.625    1250.125    -0.3048780487804878    -249.25    -305.008774624    10.73
-1000.0    1499.375    1499.625    1255.375    -0.3048780487804878    -244.0    -231.420767012    10.61
-1000.0    1499.375    1499.625    1265.625    -0.3048780487804878    -233.75    -171.605964601    10.48
24.06    1499.5    1499.25    1441.0    0.3048780487804878    -58.5    -160.163053388    10.45
24.06    1499.375    1499.75    1249.0    -0.4573170731707317    -250.375    -73.2850023993    10.11
