# wireless pH sensor data log
# Date: 20170922_18_11_32
# Temperature (℃), Voltage of RE (mV), Voltage of WE_Cl after TIA (mV), Voltage of WE_pH (mV), Free Cl Current (nA), pH Voltage (mV), Free Cl (ppm), pH Value
# 
25.06    1499.875    678.75    1603.375    1001.3719512195123    103.5    -0.219393130307    6.14
25.06    1499.5    678.875    1603.5    1000.7621951219512    104.0    -0.018543470047    5.97
25.12    1499.375    678.875    1603.5    1000.609756097561    104.125    0.174481823078    5.8
25.12    1499.5    678.875    1603.375    1000.7621951219512    103.875    0.361559098624    5.62
25.12    1499.25    678.875    1603.375    1000.4573170731709    104.125    0.544108629251    5.45
25.12    1499.5    678.875    1603.125    1000.7621951219512    103.625    0.722668978364    5.28
25.12    1499.375    678.875    1603.5    1000.609756097561    104.125    0.897773145149    5.11
25.12    1499.375    678.875    1603.375    1000.609756097561    104.0    1.06959587156    4.94
25.12    1499.375    678.75    1603.375    1000.7621951219512    104.0    1.23833232121    4.77
25.19    1499.375    678.75    1603.375    1000.7621951219512    104.0    1.4041245525    4.6
25.19    1499.5    678.75    1603.375    1000.9146341463414    103.875    1.56671738585    4.43
25.19    1499.5    678.875    1603.5    1000.7621951219512    104.0    1.56605377026    4.43
25.19    1499.5    678.875    1603.5    1000.7621951219512    104.0    1.56547098943    4.43
25.19    1499.5    679.0    1603.5    1000.609756097561    104.0    1.56518413893    4.43
25.19    1499.5    678.875    1603.5    1000.7621951219512    104.0    1.56484386442    4.43
25.19    1499.375    678.875    1603.375    1000.609756097561    104.0    1.56458401864    4.43
25.19    1499.375    678.875    1603.375    1000.609756097561    104.0    1.56424400065    4.43
25.19    1500.0    678.875    1603.375    1001.3719512195123    103.375    1.56393087227    4.43
25.19    1499.375    678.875    1603.375    1000.609756097561    104.0    1.56375160959    4.43
25.19    1499.375    678.875    1603.375    1000.609756097561    104.0    1.56341196246    4.43
25.19    1499.375    678.75    1603.375    1000.7621951219512    104.0    1.56338521975    4.43
25.19    1499.625    678.875    1603.5    1000.9146341463414    103.875    1.56335847704    4.43
25.25    1499.375    678.875    1603.5    1000.609756097561    104.125    1.56338521975    4.43
25.19    1499.5    679.0    1603.25    1000.609756097561    103.75    1.5630903867    4.43
25.25    1499.375    678.875    1603.375    1000.609756097561    104.0    1.5630903867    4.43
25.25    1499.5    678.875    1603.375    1000.7621951219512    103.875    1.56279565479    4.43
25.25    1499.25    678.75    1603.25    1000.609756097561    104.0    1.56255448189    4.43
25.25    1499.375    678.75    1603.375    1000.7621951219512    104.0    1.56228666732    4.43
25.25    1500.0    678.75    1603.25    1001.5243902439024    103.25    1.56191206541    4.43
25.25    1499.375    678.75    1603.25    1000.7621951219512    103.875    1.56180474407    4.43
25.25    1499.375    678.75    1603.375    1000.7621951219512    104.0    1.56156390635    4.43
25.25    1499.5    678.875    1603.375    1000.7621951219512    103.875    1.5612964451    4.43
25.25    1499.5    678.875    1603.625    1000.7621951219512    104.125    1.56100237401    4.43
25.25    1499.375    678.875    1603.375    1000.609756097561    104.0    1.5610290755    4.43
25.25    1499.5    679.0    1603.375    1000.609756097561    103.875    1.5607617975    4.43
25.25    1499.5    678.875    1603.375    1000.7621951219512    103.875    1.5607617975    4.43
25.25    1499.25    678.875    1603.375    1000.4573170731709    104.125    1.5607617975    4.43
25.31    1499.375    678.75    1603.25    1000.7621951219512    103.875    1.56073510058    4.43
25.31    1499.375    678.75    1603.25    1000.7621951219512    103.875    1.5604679187    4.43
25.31    1499.375    678.75    1603.25    1000.7621951219512    103.875    1.56006738941    4.43
25.31    1499.375    678.875    1603.25    1000.609756097561    103.875    1.55980041333    4.43
25.31    1499.625    679.0    1603.375    1000.7621951219512    103.75    1.55950685    4.43
25.31    1499.5    678.875    1603.375    1000.7621951219512    103.875    1.55924006124    4.43
25.31    1499.625    679.0    1603.375    1000.7621951219512    103.75    1.55897336379    4.43
25.31    1499.5    679.0    1603.375    1000.609756097561    103.875    1.55873342256    4.43
25.31    1499.375    679.0    1603.5    1000.4573170731709    104.125    1.55846690302    4.43
25.31    1499.125    678.875    1603.25    1000.3048780487804    104.125    1.55814716296    4.43
25.31    1499.5    678.75    1603.375    1000.9146341463414    103.875    1.55785418353    4.43
25.31    1499.375    678.75    1603.25    1000.7621951219512    103.875    1.55788083482    4.43
25.31    1499.5    678.75    1603.125    1000.9146341463414    103.625    1.55788083482    4.43
25.31    1499.375    678.75    1603.25    1000.7621951219512    103.875    1.55790748611    4.43
25.37    1499.75    678.875    1603.375    1001.0670731707316    103.625    1.5579341374    4.43
25.37    1499.375    678.875    1603.375    1000.609756097561    104.0    1.55772118469    4.43
25.37    1499.5    678.875    1603.5    1000.7621951219512    104.0    1.55742837825    4.43
25.37    1499.375    678.875    1603.375    1000.609756097561    104.0    1.55716230953    4.43
25.37    1499.5    678.875    1603.375    1000.7621951219512    103.875    1.55689633175    4.43
25.37    1499.125    678.875    1603.25    1000.3048780487804    104.125    1.55668370192    4.43
25.37    1499.5    678.875    1603.375    1000.7621951219512    103.875    1.55641789677    4.43
25.37    1499.5    678.875    1603.25    1000.7621951219512    103.75    1.55612556299    4.43
25.37    1499.5    678.875    1603.25    1000.7621951219512    103.75    1.55585994394    4.43
25.37    1499.5    678.875    1603.375    1000.7621951219512    103.875    1.55556780524    4.43
25.37    1499.625    678.875    1603.25    1000.9146341463414    103.625    1.5553023721    4.43
25.37    1499.375    678.875    1603.25    1000.609756097561    103.875    1.55527576629    4.43
25.37    1499.375    678.875    1603.375    1000.609756097561    104.0    1.55527576629    4.43
25.37    1499.5    678.875    1603.25    1000.7621951219512    103.75    1.55524916047    4.43
25.37    1499.375    678.875    1603.25    1000.609756097561    103.875    1.55527576629    4.43
25.44    1499.375    678.875    1603.25    1000.609756097561    103.875    1.55524916047    4.43
25.37    1499.375    678.875    1603.25    1000.609756097561    103.875    1.55499281461    4.43
25.44    1499.5    678.875    1603.25    1000.7621951219512    103.75    1.5549662141    4.43
25.44    1499.375    678.875    1603.25    1000.609756097561    103.875    1.55465678516    4.43
25.44    1499.375    678.875    1603.25    1000.609756097561    103.875    1.55432088948    4.43
25.44    1499.375    678.875    1603.25    1000.609756097561    103.875    1.55398512748    4.43
25.44    1499.5    678.875    1603.25    1000.7621951219512    103.75    1.55362291973    4.43
25.44    1499.5    678.875    1603.25    1000.7621951219512    103.75    1.55334057829    4.43
25.44    1499.375    678.875    1603.25    1000.609756097561    103.875    1.55305834916    4.43
25.44    1499.5    678.875    1603.25    1000.7621951219512    103.75    1.55272310526    4.43
25.44    1499.5    678.875    1603.25    1000.7621951219512    103.75    1.55244111112    4.43
25.44    1499.375    678.875    1603.25    1000.609756097561    103.875    1.55246766935    4.43
25.44    1499.625    678.875    1603.25    1000.9146341463414    103.625    1.55215922909    4.43
25.44    1499.5    678.875    1603.25    1000.7621951219512    103.75    1.55218578204    4.43
25.5    1499.375    678.875    1603.25    1000.609756097561    103.875    1.55224083762    4.44
25.5    1499.5    678.875    1603.375    1000.7621951219512    103.875    1.55197654722    4.44
25.5    1499.5    678.875    1603.25    1000.7621951219512    103.75    1.55173889124    4.44
25.5    1499.375    678.875    1603.25    1000.609756097561    103.875    1.55147477632    4.44
25.5    1499.5    678.875    1603.25    1000.7621951219512    103.75    1.55118421598    4.44
25.5    1499.5    678.875    1603.25    1000.7621951219512    103.75    1.55094681625    4.44
25.5    1499.625    678.875    1603.25    1000.9146341463414    103.625    1.550682971    4.44
25.5    1499.375    678.875    1603.25    1000.609756097561    103.875    1.55044573737    4.44
25.5    1499.375    678.875    1603.25    1000.609756097561    103.875    1.55018206716    4.44
25.5    1499.5    678.875    1603.25    1000.7621951219512    103.75    1.54986546104    4.44
25.5    1499.375    678.875    1603.25    1000.609756097561    103.875    1.54960197921    4.44
25.5    1499.375    678.875    1603.25    1000.609756097561    103.875    1.54960197921    4.44
25.5    1499.5    678.875    1603.125    1000.7621951219512    103.625    1.54957547091    4.44
25.5    1499.5    678.875    1603.25    1000.7621951219512    103.75    1.54957547091    4.44
25.5    1499.5    678.875    1603.25    1000.7621951219512    103.75    1.54960197921    4.44
25.5    1499.5    678.875    1603.25    1000.7621951219512    103.75    1.54960197921    4.44
25.56    1499.5    678.875    1603.25    1000.7621951219512    103.75    1.54960197921    4.44
25.56    1499.375    678.875    1603.25    1000.609756097561    103.875    1.5493120832    4.44
25.56    1499.375    678.875    1603.25    1000.609756097561    103.875    1.54904878505    4.44
25.56    1499.5    678.875    1603.25    1000.7621951219512    103.75    1.54878557642    4.44
25.56    1499.5    678.875    1603.25    1000.7621951219512    103.75    1.54852245727    4.44
25.56    1499.375    678.875    1603.25    1000.609756097561    103.875    1.54828591333    4.44
25.56    1499.375    678.875    1603.25    1000.609756097561    103.875    1.54802296849    4.44
25.56    1499.5    678.875    1603.25    1000.7621951219512    103.75    1.5477336362    4.44
25.56    1499.375    678.875    1603.25    1000.609756097561    103.875    1.54747087448    4.44
25.56    1499.375    678.875    1603.125    1000.609756097561    103.75    1.54718173421    4.44
25.56    1499.5    678.875    1603.25    1000.7621951219512    103.75    1.54689269213    4.44
25.56    1499.5    678.875    1603.25    1000.7621951219512    103.75    1.54689269213    4.44
25.56    1499.375    678.875    1603.25    1000.609756097561    103.875    1.54691915544    4.44
25.56    1499.5    678.875    1603.25    1000.7621951219512    103.75    1.54691915544    4.44
25.56    1499.5    678.875    1603.25    1000.7621951219512    103.75    1.54691915544    4.44
25.56    1499.375    678.875    1603.25    1000.609756097561    103.875    1.54691915544    4.44
25.56    1499.5    678.875    1603.25    1000.7621951219512    103.75    1.54691915544    4.44
25.56    1499.375    678.875    1603.25    1000.609756097561    103.875    1.54694561875    4.44
25.62    1499.5    678.875    1603.125    1000.7621951219512    103.625    1.54691915544    4.44
25.62    1499.5    678.875    1603.25    1000.7621951219512    103.75    1.54668312464    4.44
25.62    1499.5    678.875    1603.25    1000.7621951219512    103.75    1.54644717396    4.44
25.62    1499.5    678.875    1603.25    1000.7621951219512    103.75    1.54618485354    4.44
25.62    1499.375    678.875    1603.25    1000.609756097561    103.875    1.54592262213    4.44
25.62    1499.5    678.875    1603.25    1000.7621951219512    103.75    1.5456604797    4.44
25.62    1499.625    678.875    1603.25    1000.9146341463414    103.625    1.5453984262    4.44
25.62    1499.5    678.875    1603.25    1000.7621951219512    103.75    1.5451628935    4.44
25.62    1499.375    678.875    1603.25    1000.609756097561    103.875    1.54492744067    4.44
25.62    1499.5    678.875    1603.25    1000.7621951219512    103.75    1.54463922178    4.44
25.62    1499.5    678.875    1603.125    1000.7621951219512    103.625    1.54440393755    4.44
25.62    1499.375    678.875    1603.25    1000.609756097561    103.875    1.54440393755    4.44
25.62    1499.5    678.875    1603.25    1000.7621951219512    103.75    1.54437751907    4.44
25.62    1499.5    678.875    1603.125    1000.7621951219512    103.625    1.54437751907    4.44
25.62    1499.5    678.875    1603.125    1000.7621951219512    103.625    1.54437751907    4.44
25.62    1499.5    678.875    1603.125    1000.7621951219512    103.625    1.54440393755    4.44
25.62    1499.5    678.875    1603.25    1000.7621951219512    103.75    1.54440393755    4.44
25.62    1499.5    678.75    1603.125    1000.9146341463414    103.625    1.54437751907    4.44
25.62    1499.375    678.875    1603.125    1000.609756097561    103.75    1.54440393755    4.44
25.62    1499.5    678.75    1603.25    1000.9146341463414    103.75    1.54440393755    4.44
25.62    1499.5    678.875    1603.25    1000.7621951219512    103.75    1.54443035602    4.44
25.62    1499.375    678.875    1603.25    1000.609756097561    103.875    1.54443035602    4.44
25.62    1499.5    678.875    1603.25    1000.7621951219512    103.75    1.54443035602    4.44
25.62    1499.625    678.875    1603.125    1000.9146341463414    103.5    1.54443035602    4.44
25.62    1499.375    678.875    1603.125    1000.609756097561    103.75    1.54445677449    4.44
25.62    1499.5    678.875    1603.125    1000.7621951219512    103.625    1.54443035602    4.44
25.62    1499.375    678.875    1603.125    1000.609756097561    103.75    1.54443035602    4.44
25.69    1499.5    678.875    1603.125    1000.7621951219512    103.625    1.54440393755    4.44
25.69    1499.5    678.875    1603.125    1000.7621951219512    103.625    1.54407231135    4.44
25.62    1499.375    678.875    1603.125    1000.609756097561    103.75    1.54379363234    4.44
25.69    1499.375    678.875    1603.125    1000.609756097561    103.75    1.54374081627    4.44
25.69    1499.5    678.875    1603.25    1000.7621951219512    103.75    1.54340945221    4.44
25.69    1499.5    678.875    1603.125    1000.7621951219512    103.625    1.54313101431    4.44
25.69    1499.375    678.875    1603.125    1000.609756097561    103.75    1.54282629404    4.44
25.69    1499.5    678.875    1603.125    1000.7621951219512    103.625    1.54246891979    4.44
25.69    1499.375    678.875    1603.125    1000.609756097561    103.75    1.5421908326    4.44
25.69    1499.375    678.875    1603.125    1000.609756097561    103.75    1.5418601017    4.44
25.69    1499.5    678.875    1603.125    1000.7621951219512    103.625    1.54155587292    4.44
25.69    1499.375    678.875    1603.125    1000.609756097561    103.75    1.54155587292    4.44
25.69    1499.375    678.875    1603.125    1000.609756097561    103.75    1.54152950136    4.44
25.69    1499.5    678.875    1603.125    1000.7621951219512    103.625    1.54122539788    4.44
25.69    1499.5    678.875    1603.125    1000.7621951219512    103.625    1.54125176424    4.44
25.69    1499.375    678.875    1603.125    1000.609756097561    103.75    1.54125176424    4.44
25.69    1499.5    678.875    1603.125    1000.7621951219512    103.625    1.54122539788    4.44
25.69    1499.375    678.875    1603.125    1000.609756097561    103.75    1.54125176424    4.44
25.69    1499.5    678.875    1603.125    1000.7621951219512    103.625    1.54122539788    4.44
25.69    1499.5    678.875    1603.125    1000.7621951219512    103.625    1.54125176424    4.44
25.69    1499.5    678.875    1603.125    1000.7621951219512    103.625    1.5412781306    4.44
25.69    1499.625    678.75    1603.125    1001.0670731707316    103.5    1.5412781306    4.44
25.75    1499.5    678.875    1603.125    1000.7621951219512    103.625    1.54135722967    4.44
25.75    1499.375    678.875    1603.125    1000.609756097561    103.75    1.54112300468    4.44
25.75    1499.5    678.875    1603.125    1000.7621951219512    103.625    1.54083614403    4.44
25.75    1499.375    678.875    1603.125    1000.609756097561    103.75    1.54057573337    4.44
25.75    1499.375    678.875    1603.125    1000.609756097561    103.75    1.54031541076    4.44
25.75    1499.625    678.875    1603.125    1000.9146341463414    103.5    1.54002883207    4.44
25.75    1499.5    678.875    1603.125    1000.7621951219512    103.625    1.53982136914    4.44
25.75    1499.375    678.875    1603.125    1000.609756097561    103.75    1.53956130596    4.44
25.75    1499.5    678.875    1603.125    1000.7621951219512    103.625    1.53927499992    4.44
25.75    1499.375    678.875    1603.125    1000.609756097561    103.75    1.53901511688    4.44
25.75    1499.375    678.875    1603.125    1000.609756097561    103.75    1.53867635608    4.44
25.75    1499.375    678.875    1603.0    1000.609756097561    103.625    1.53865003423    4.44
25.75    1499.5    678.875    1603.125    1000.7621951219512    103.625    1.53865003423    4.44
25.75    1499.5    678.875    1603.125    1000.7621951219512    103.625    1.53865003423    4.44
25.75    1499.5    678.875    1603.125    1000.7621951219512    103.625    1.53867635608    4.44
25.75    1499.375    678.875    1603.125    1000.609756097561    103.75    1.53870267793    4.44
25.75    1499.5    678.875    1603.125    1000.7621951219512    103.625    1.53865003423    4.44
25.75    1499.375    678.875    1603.125    1000.609756097561    103.75    1.53865003423    4.44
25.75    1499.375    678.875    1603.125    1000.609756097561    103.75    1.53865003423    4.44
25.75    1499.5    678.875    1603.125    1000.7621951219512    103.625    1.53862371238    4.44
25.75    1499.375    678.875    1603.125    1000.609756097561    103.75    1.53865003423    4.44
25.81    1499.5    678.875    1603.125    1000.7621951219512    103.625    1.53865003423    4.44
25.81    1499.5    678.875    1603.25    1000.7621951219512    103.75    1.53841666189    4.44
25.81    1499.375    678.875    1603.125    1000.609756097561    103.75    1.53815705538    4.44
25.81    1499.375    678.875    1603.125    1000.609756097561    103.75    1.537871228    4.44
25.81    1499.5    678.875    1603.125    1000.7621951219512    103.625    1.53758549709    4.44
25.81    1499.5    678.875    1603.25    1000.7621951219512    103.75    1.5373524619    4.44
25.81    1499.625    678.875    1603.375    1000.9146341463414    103.75    1.53709321014    4.44
