# wireless pH sensor data log
# Date: 20171019_20_59_49
# Temperature (℃), Voltage of RE (mV), Voltage of WE_Cl after TIA (mV), Voltage of WE_pH (mV), Free Cl Current (nA), pH Voltage (mV), Free Cl (ppm), pH Value
# 
25.44    1499.375    1499.75    1240.625    -0.4573170731707317    -258.75    -0.219393130307    6.14
25.44    1499.5    1499.625    1228.75    -0.1524390243902439    -270.75    -0.230650403718    6.57
-1000.0    1499.375    1499.375    1227.75    0.0    -271.625    -0.269630872553    7.02
-1000.0    1499.375    1499.375    1230.75    0.0    -268.625    -0.391570618252    7.5
-1000.0    1499.5    1499.5    1234.625    0.0    -264.875    -0.759822763062    7.98
-1000.0    1499.5    1499.5    1238.0    0.0    -261.5    -1.83407962531    8.45
-1000.0    1499.375    1499.5    1241.25    -0.1524390243902439    -258.125    -5.00443638899    8.92
-1000.0    1499.375    1499.5    1241.0    -0.1524390243902439    -258.375    -14.0406452141    9.38
-1000.0    1499.375    1499.625    1241.625    -0.3048780487804878    -257.75    -40.1049232295    9.84
-1000.0    1499.375    1499.5    1237.25    -0.1524390243902439    -262.125    -115.301532087    10.3
-1000.0    1499.375    1499.625    1241.25    -0.3048780487804878    -258.125    -339.917620893    10.77
-1000.0    1499.5    1499.625    1240.75    -0.1524390243902439    -258.75    -339.870401981    10.77
-1000.0    1499.375    1499.75    1237.0    -0.4573170731707317    -262.375    -324.583137733    10.75
-1000.0    1499.375    1499.625    1239.5    -0.3048780487804878    -259.875    -310.113113876    10.73
-1000.0    1499.5    1499.625    1238.875    -0.1524390243902439    -260.625    -296.247411555    10.71
-1000.0    1499.375    1499.875    1240.375    -0.6097560975609756    -259.0    -296.288541263    10.71
-1000.0    1499.375    1499.875    1240.375    -0.6097560975609756    -259.0    -289.709737271    10.7
-1000.0    1499.375    1499.75    1239.5    -0.4573170731707317    -259.875    -289.830319701    10.7
-1000.0    1499.375    1499.625    1233.75    -0.3048780487804878    -265.625    -296.658708629    10.71
-1000.0    1499.5    1499.625    1239.875    -0.1524390243902439    -259.625    -303.563890399    10.72
-1000.0    1499.375    1499.75    1239.5    -0.4573170731707317    -259.875    -303.563890399    10.72
-1000.0    1499.375    1499.625    1239.0    -0.3048780487804878    -260.375    -303.605977463    10.72
-1000.0    1499.375    1499.625    1239.125    -0.3048780487804878    -260.25    -303.648064527    10.72
-1000.0    1499.375    1499.625    1239.25    -0.3048780487804878    -260.125    -303.605977463    10.72
-1000.0    1499.375    1499.75    1238.75    -0.4573170731707317    -260.625    -303.605977463    10.72
-1000.0    1499.5    1499.625    1238.0    -0.1524390243902439    -261.5    -303.69015159    10.72
-1000.0    1499.375    1499.625    1237.75    -0.3048780487804878    -261.625    -303.563890399    10.72
-1000.0    1499.375    1499.75    1234.875    -0.4573170731707317    -264.5    -310.543781074    10.73
-1000.0    1499.375    1499.75    1235.375    -0.4573170731707317    -264.0    -317.772389084    10.74
-1000.0    1499.375    1499.75    1236.5    -0.4573170731707317    -262.875    -310.586847794    10.73
-1000.0    1499.375    1499.875    1242.125    -0.6097560975609756    -257.25    -317.90459667    10.74
-1000.0    1499.375    1499.875    1254.625    -0.6097560975609756    -244.75    -310.716047954    10.73
-1000.0    1499.375    1499.75    1254.75    -0.4573170731707317    -244.625    -296.823227459    10.71
-1000.0    1499.5    1499.875    1257.875    -0.4573170731707317    -241.625    -277.063952097    10.68
-1000.0    1499.375    1499.75    1256.75    -0.4573170731707317    -242.625    -252.738813221    10.64
-1000.0    1499.375    1499.75    1247.125    -0.4573170731707317    -252.25    -235.883600377    10.61
-1000.0    1499.375    1499.75    1241.75    -0.4573170731707317    -257.625    -230.582880719    10.6
-1000.0    1499.375    1499.625    1246.625    -0.3048780487804878    -252.75    -225.370161941    10.59
-1000.0    1499.5    1499.75    1246.5    -0.3048780487804878    -253.0    -215.206484964    10.57
