# wireless pH sensor data log
# Date: 20171020_10_30_40
# Temperature (℃), Voltage of pH, ref to RE (mV), Free Cl Current (nA), pH Value, Free Cl (ppm)
# 
24.25    0.125    -1000.0    6.14    -0.219393130307
24.25    0.1875    -1000.25    6.14    -0.416690893362
24.25    0.125    -1000.0    6.14    -0.611350668324
24.25    0.0625    -1000.1249999999999    6.14    -0.803329185048
24.25    0.0625    -999.8749999999999    6.14    -0.992754738938
24.25    0.125    -999.75    6.14    -1.17960703648
24.25    0.0625    -999.6250000000001    6.14    -1.36396238796
24.25    -0.1875    -999.75    6.14    -1.5458711857
24.25    0.0    -1000.25    6.14    -1.72542989122
24.25    0.0625    -999.6250000000001    6.14    -1.90275598285
24.25    -0.25    -999.375    6.14    -2.07768298505
24.25    -0.25    -999.5    6.14    -2.07756594831
24.25    0.0    -1000.7499999999999    6.14    -2.07742550422
24.25    0.0625    -1000.0    6.14    -2.07756594831
24.25    -0.0625    -999.75    6.14    -2.07754254096
24.25    0.0625    -1000.0    6.14    -2.07751913362
24.31    0.0625    -999.75    6.14    -2.07756594831
24.25    0.0625    -999.6250000000001    6.14    -2.07723245346
24.25    0.0    -999.6250000000001    6.14    -2.07720905013
24.25    0.0    -999.6250000000001    6.14    -2.0770920335
24.25    0.0    -999.8749999999999    6.14    -2.0770920335
24.25    0.0625    -999.6250000000001    6.14    -2.07718564681
24.25    0.1875    -999.6250000000001    6.14    -2.07720905013
24.25    0.0625    -999.8749999999999    6.14    -2.07699842019
24.25    0.1875    -1000.25    6.14    -2.07697501687
24.31    0.125    -999.8749999999999    6.14    -2.07706863017
24.25    -0.125    -999.75    6.14    -2.07668848226
24.31    0.125    -999.75    6.14    -2.07704522685
24.25    0.125    -999.375    6.14    -2.07671188157
24.25    0.0625    -999.375    6.14    -2.07666508296
24.25    0.0625    -999.125    6.14    -2.07661828434
24.31    0.0625    -999.5    6.14    -2.0764778885
24.25    0.0625    -999.8749999999999    6.14    -2.07609791017
24.25    0.125    -999.6250000000001    6.14    -2.07614470075
24.31    0.125    -1000.0    6.14    -2.07609791017
24.25    0.0    -999.75    6.14    -2.07569467391
24.25    -0.0625    -999.8749999999999    6.14    -2.07602772431
24.25    0.0625    -1000.5000000000001    6.14    -2.0760511196
24.25    -0.1875    -999.5    6.14    -2.07654808642
24.25    0.125    -999.6250000000001    6.14    -2.07657148573
24.25    -0.0625    -1000.875    6.14    -2.07661828434
24.25    0.125    -1000.1249999999999    6.14    -2.07694587464
24.25    0.0    -999.8749999999999    6.14    -2.07741968007
24.25    0.0625    -1000.0    6.14    -2.07741968007
24.25    0.125    -1000.0    6.14    -2.07748989005
24.25    0.0625    -1000.1249999999999    6.14    -2.07784683648
24.25    0.0625    -999.75    6.14    -2.07791705852
24.25    0.0625    -999.6250000000001    6.14    -2.07789365118
24.25    0.0    -999.375    6.14    -2.07772979974
24.25    0.0    -999.5    6.14    -2.0777063924
24.31    0.0625    -999.375    6.14    -2.07768298505
24.25    0.0    -999.6250000000001    6.14    -2.07704522685
24.25    0.0    -999.75    6.14    -2.07695161354
24.25    0.0625    -999.75    6.14    -2.07692821022
24.25    0.0625    -1000.1249999999999    6.14    -2.07688140356
24.25    0.0625    -1000.1249999999999    6.14    -2.07690480689
24.25    0.0625    -999.8749999999999    6.14    -2.07690480689
24.25    0.0625    -999.8749999999999    6.14    -2.07692821022
24.25    0.0    -999.75    6.14    -2.07697501687
24.25    0.0    -999.6250000000001    6.14    -2.07704522685
24.31    0.0    -999.5    6.14    -2.07706863017
24.25    0.0625    -999.5    6.14    -2.0770920335
24.25    0.0625    -999.75    6.14    -2.07706863017
24.31    0.0625    -999.75    6.14    -2.07706863017
24.25    0.0625    -999.8749999999999    6.14    -2.07671188157
24.25    0.0625    -1000.0    6.14    -2.07666508296
24.31    0.1875    -999.8749999999999    6.14    -2.07664168365
24.25    0.0    -999.8749999999999    6.14    -2.07628507248
24.25    0.0    -999.6250000000001    6.14    -2.07628507248
24.31    0.0625    -999.75    6.14    -2.07626167719
24.25    0.0    -999.75    6.14    -2.07592858663
24.31    0.0    -999.75    6.14    -2.07633186306
24.31    0.0    -1000.0    6.14    -2.07602215171
24.31    0.0    -999.8749999999999    6.14    -2.07571254955
24.25    0.0    -1000.0    6.14    -2.07573593681
24.31    0.0625    -1000.25    6.14    -2.07575932406
24.31    0.0625    -1000.0    6.14    -2.075449823
24.31    0.0625    -1000.375    6.14    -2.07547320624
24.31    0.0    -1000.5000000000001    6.14    -2.0752105687
24.25    0.0    -1000.25    6.14    -2.07501814978
24.31    -0.0625    -1000.0    6.14    -2.07546774023
24.31    -0.0625    -1000.0    6.14    -2.07515840109
24.25    0.0    -999.8749999999999    6.14    -2.07520515153
24.25    -0.0625    -999.75    6.14    -2.07553787791
24.25    0.0    -999.75    6.14    -2.07587072136
24.25    0.0625    -1000.0    6.14    -2.07582395488
24.25    0.0625    -1000.25    6.14    -2.07613352017
24.25    0.125    -1000.0    6.14    -2.07653675969
24.25    0.125    -1000.25    6.14    -2.07682316412
24.25    0.0625    -1000.0    6.14    -2.07713306909
24.25    0.0625    -999.8749999999999    6.14    -2.07708627048
24.25    0.0    -999.8749999999999    6.14    -2.07741968007
24.25    -0.0625    -999.75    6.14    -2.07775320709
24.25    0.0    -999.75    6.14    -2.07772979974
24.25    0.0    -999.6250000000001    6.14    -2.07772979974
24.25    0.0    -999.75    6.14    -2.0777063924
24.31    0.0625    -999.75    6.14    -2.0776595777
24.31    0.0625    -1000.1249999999999    6.14    -2.07720905013
24.31    0.125    -1000.1249999999999    6.14    -2.07687567672
24.25    0.0625    -1000.1249999999999    6.14    -2.07649563008
24.31    0.0625    -1000.1249999999999    6.14    -2.07651902537
24.25    0.0    -999.8749999999999    6.14    -2.07620928189
24.31    0.0    -999.5    6.14    -2.07620928189
24.25    -0.0625    -999.375    6.14    -2.07580609858
24.31    -0.0625    -999.6250000000001    6.14    -2.07573593681
24.25    0.0    -999.5    6.14    -2.07537967327
24.25    0.0    -999.6250000000001    6.14    -2.07533290679
24.25    0.0    -999.375    6.14    -2.07566577504
24.25    0.0625    -2007.9999999999998    6.14    -2.07588180408
24.25    -0.0625    -1996.7499999999998    6.14    -2.26487449387
24.31    0.0    -1997.375    6.14    -2.45140512986
24.25    0.0625    -1997.75    6.14    -2.6380527423
24.25    0.0625    -1998.0000000000002    6.14    -2.82481733117
24.25    0.0625    -1997.875    6.14    -3.01221616913
24.25    0.0625    -1997.875    6.14    -3.19912983219
24.25    0.0625    -1997.75    6.14    -3.38657836114
24.25    0.0625    -1997.75    6.14    -3.57347732656
24.25    0.0    -1997.5000000000002    6.14    -3.76035288866
24.25    0.0625    -1997.75    6.14    -3.94722845076
24.25    0.0625    -1998.0000000000002    6.14    -3.94530937799
24.25    0.0625    -1998.0000000000002    6.14    -3.94554341126
24.25    0.0625    -1998.25    6.14    -3.94633835629
24.25    0.0625    -1998.3750000000002    6.14    -3.94643198568
24.25    0.125    -1998.25    6.14    -3.94650220773
24.25    0.0625    -1998.25    6.14    -3.94657242977
24.25    0.0    -1998.0000000000002    6.14    -3.94664265181
24.25    0.0    -1997.875    6.14    -3.94668946651
24.25    0.0    -1997.75    6.14    -3.94671287385
24.25    0.0    -1997.75    6.14    -3.94675968855
24.25    0.0    -1997.875    6.14    -3.94675968855
24.25    0.0    -1998.125    6.14    -3.9467362812
24.25    0.0625    -1998.125    6.14    -3.94675968855
24.25    0.0    -1998.25    6.14    -3.9467362812
24.25    0.0625    -1998.25    6.14    -3.94671287385
24.25    0.0    -1998.125    6.14    -3.94671287385
24.25    0.0    -1998.125    6.14    -3.94668946651
24.25    0.0625    -1998.0000000000002    6.14    -3.94671287385
24.25    0.0625    -1998.0000000000002    6.14    -3.9467362812
24.25    0.0    -1997.75    6.14    -3.9467830959
24.25    0.0    -1997.75    6.14    -3.9467830959
24.25    -0.25    -1995.3750000000002    6.14    -3.94675968855
24.25    -0.0625    -1996.7499999999998    6.14    -3.9462447269
24.25    0.0    -1997.875    6.14    -3.94598724608
24.25    0.0    -1998.125    6.14    -3.94591702404
24.25    -0.1875    -1994.1249999999998    6.14    -3.94589361669
24.25    0.0    -1996.6250000000002    6.14    -3.94514458157
24.25    0.0    -1998.25    6.14    -3.9448636934
24.25    0.0    -1998.25    6.14    -3.94491050809
24.25    0.0625    -1998.125    6.14    -3.94495732279
24.25    0.0    -1998.0000000000002    6.14    -3.94502754483
24.25    0.0    -1997.875    6.14    -3.94507435952
24.25    0.0    -1997.75    6.14    -3.94554250647
24.25    0.0625    -1997.875    6.14    -3.94572976526
24.25    0.0625    -1997.875    6.14    -3.94572976526
24.25    0.0625    -1998.0000000000002    6.14    -3.94568295056
24.25    0.125    -1997.875    6.14    -3.94640857833
24.25    0.0    -1998.0000000000002    6.14    -3.94664265181
24.25    0.0    -1998.625    6.14    -3.94659583712
24.25    0.0625    -1998.3750000000002    6.14    -3.94666605916
24.25    0.0    -1998.4999999999998    6.14    -3.94671287385
24.25    0.0625    -1998.0000000000002    6.14    -3.94680650324
24.25    0.0    -1998.125    6.14    -3.94682991059
24.25    0.0    -1998.125    6.14    -3.94690013263
24.25    0.0    -1997.5000000000002    6.14    -3.94694694733
24.25    0.0    -1997.75    6.14    -3.94687672529
24.25    0.0625    -1998.125    6.14    -3.94682991059
24.25    0.0625    -1998.125    6.14    -3.94687672529
24.25    0.0625    -1998.4999999999998    6.14    -3.94690013263
24.25    0.125    -1998.25    6.14    -3.94687672529
24.25    0.0625    -1998.0000000000002    6.14    -3.94685331794
24.25    0.0625    -1998.125    6.14    -3.94675968855
24.25    0.0625    -1998.25    6.14    -3.9467830959
24.25    0.0625    -1997.75    6.14    -3.94680650324
24.25    0.0    -1997.75    6.14    -3.9467362812
24.25    0.0    -1997.75    6.14    -3.9467830959
24.25    0.0    -1998.0000000000002    6.14    -3.9467830959
24.25    0.0    -1997.6249999999998    6.14    -3.94675968855
24.25    0.0    -1997.875    6.14    -3.94666605916
24.25    0.0    -1998.25    6.14    -3.94654902242
24.25    0.0625    -1998.3750000000002    6.14    -3.94654902242
24.25    0.125    -1998.125    6.14    -3.94661924446
24.25    0.0    -1998.0000000000002    6.14    -3.94661924446
24.25    0.0625    -1998.125    6.14    -3.94657242977
24.25    -0.0625    -1997.75    6.14    -3.94664265181
24.25    -0.0625    -1997.75    6.14    -3.94664265181
24.25    0.0    -1997.6249999999998    6.14    -3.94664265181
24.25    0.0625    -1997.6249999999998    6.14    -3.94657242977
24.25    0.0625    -1997.75    6.14    -3.94657242977
24.25    0.0625    -1998.125    6.14    -3.94654902242
24.25    0.0625    -1998.25    6.14    -3.94652561507
24.25    0.0625    -1998.0000000000002    6.14    -3.94650220773
24.25    0.0625    -1998.4999999999998    6.14    -3.94647880038
24.25    0.0    -1998.125    6.14    -3.94657242977
24.25    0.0625    -1997.875    6.14    -3.94657242977
24.25    0.0    -1997.75    6.14    -3.94659583712
24.25    0.0625    -1997.75    6.14    -3.94659583712
24.25    0.0625    -1997.6249999999998    6.14    -3.94661924446
24.25    0.0625    -1998.125    6.14    -3.94661924446
24.25    0.0625    -1998.25    6.14    -3.94668946651
24.25    0.0625    -1998.125    6.14    -3.94671287385
24.25    0.0625    -1998.125    6.14    -3.94668946651
24.25    0.125    -1998.125    6.14    -3.94671287385
24.25    0.0    -1998.25    6.14    -3.94664265181
24.25    0.0    -1998.125    6.14    -3.94666605916
24.25    0.0    -1998.0000000000002    6.14    -3.94671287385
24.25    0.0625    -1998.0000000000002    6.14    -3.94675968855
24.25    0.0    -1997.75    6.14    -3.94680650324
24.25    0.0    -1998.0000000000002    6.14    -3.94682991059
24.25    0.0    -1998.0000000000002    6.14    -3.94680650324
24.25    0.0625    -1998.125    6.14    -3.94675968855
24.25    0.0625    -1998.25    6.14    -3.94675968855
24.25    0.0    -1998.3750000000002    6.14    -3.9467830959
24.25    0.0625    -1998.3750000000002    6.14    -3.94682991059
24.25    0.125    -1998.0000000000002    6.14    -3.94685331794
24.25    0.0625    -1998.0000000000002    6.14    -3.94682991059
24.25    0.0625    -1997.75    6.14    -3.94682991059
24.25    0.0    -1997.875    6.14    -3.9467830959
24.25    0.0    -1997.875    6.14    -3.94680650324
24.25    -0.0625    -1997.875    6.14    -3.9467830959
24.25    0.0    -1997.75    6.14    -3.94675968855
24.25    -0.0625    -1997.75    6.14    -3.94668946651
24.25    0.0    -1998.0000000000002    6.14    -3.94659583712
24.25    -0.0625    -1998.25    6.14    -3.94652561507
24.25    0.0    -1998.3750000000002    6.14    -3.94650220773
24.25    0.0625    -1998.4999999999998    6.14    -3.94657242977
24.25    0.0    -1998.4999999999998    6.14    -3.94666605916
24.25    0.0625    -1998.3750000000002    6.14    -3.94680650324
24.25    0.125    -1998.25    6.14    -3.94690013263
24.25    0.0625    -1998.25    6.14    -3.94697035468
24.25    0.125    -1998.0000000000002    6.14    -3.94704057672
24.25    0.0    -1998.125    6.14    -3.94708739141
24.25    0.0    -1997.875    6.14    -3.94715761346
24.25    -0.0625    -1997.6249999999998    6.14    -3.94713420611
24.25    0.0    -1997.875    6.14    -3.94701716937
24.25    0.0625    -1997.75    6.14    -3.94692353998
24.25    0.0    -1997.875    6.14    -3.9467830959
24.25    0.0    -1998.25    6.14    -3.94666605916
24.25    0.0625    -1998.25    6.14    -3.94664265181
24.25    0.0625    -1998.3750000000002    6.14    -3.94664265181
24.25    0.125    -1998.3750000000002    6.14    -3.94666605916
24.25    0.0625    -1998.3750000000002    6.14    -3.9467362812
24.25    0.0    -1998.3750000000002    6.14    -3.9467830959
24.25    0.0625    -1998.125    6.14    -3.94687672529
24.25    0.0625    -1997.875    6.14    -3.94697035468
24.25    0.0625    -1997.875    6.14    -3.94697035468
24.25    0.0    -1998.0000000000002    6.14    -3.94699376202
24.25    0.0    -1997.875    6.14    -3.94701716937
24.25    0.0    -1997.875    6.14    -3.94694694733
24.25    0.0625    -1998.0000000000002    6.14    -3.94687672529
24.25    0.0625    -1997.75    6.14    -3.94680650324
24.25    0.0    -1997.875    6.14    -3.94668946651
24.25    0.0625    -1998.125    6.14    -3.94659583712
24.25    0.0625    -1998.25    6.14    -3.94654902242
24.25    0.125    -1998.3750000000002    6.14    -3.94657242977
24.25    0.125    -1998.125    6.14    -3.94666605916
24.25    0.0625    -1998.125    6.14    -3.94671287385
24.25    0.0625    -1998.0000000000002    6.14    -3.9467362812
24.25    0.0    -1997.75    6.14    -3.94675968855
24.25    0.0    -1997.875    6.14    -3.9467362812
24.25    0.0625    -1997.75    6.14    -3.94671287385
24.31    0.0    -1997.6249999999998    6.14    -3.94671287385
24.31    0.0    -1998.0000000000002    6.14    -3.94598807446
24.25    0.0625    -1998.3750000000002    6.14    -3.94528692878
24.31    0.0    -1998.4999999999998    6.14    -3.94531032809
24.25    0.0    -1998.4999999999998    6.14    -3.9446562152
24.31    0.0625    -1998.3750000000002    6.14    -3.94472640106
24.31    0.0625    -1998.125    6.14    -3.94409589743
24.25    0.0625    -1998.3750000000002    6.14    -3.94344222844
24.31    0.0    -1998.125    6.14    -3.94355916472
24.31    0.0    -1998.125    6.14    -3.94292908869
24.31    0.0    -1998.0000000000002    6.14    -3.94232261355
24.25    0.0    -1998.0000000000002    6.14    -3.94239275124
24.25    0.0    -1998.0000000000002    6.14    -3.94306938814
24.25    0.0    -1998.25    6.14    -3.94299923842
24.25    0.0    -1998.25    6.14    -3.94362932649
24.25    0.0    -1998.3750000000002    6.14    -3.94358255197
24.25    0.0625    -1998.25    6.14    -3.94425963634
24.25    0.0625    -1998.25    6.14    -3.94496035395
24.25    0.0625    -1998.3750000000002    6.14    -3.94493695866
24.25    0.0625    -1998.0000000000002    6.14    -3.94566131769
24.25    0.0625    -1997.75    6.14    -3.94631572103
24.25    0.0625    -1997.6249999999998    6.14    -3.94694694733
24.25    0.0625    -1997.6249999999998    6.14    -3.94687672529
24.25    0.0    -1998.0000000000002    6.14    -3.94680650324
24.25    0.0625    -1998.25    6.14    -3.94675968855
24.25    0.0625    -1998.3750000000002    6.14    -3.94675968855
24.25    0.0625    -1998.125    6.14    -3.94675968855
24.31    0.0625    -1998.125    6.14    -3.9467362812
24.25    0.0625    -1998.25    6.14    -3.94603488111
24.25    0.0    -1998.125    6.14    -3.94601147779
24.25    0.0    -1997.6249999999998    6.14    -3.94603488111
24.25    0.0    -1997.375    6.14    -3.94601147779
24.31    0.0    -1997.375    6.14    -3.94596467113
24.25    0.0625    -1997.75    6.14    -3.94524013017
24.25    0.0625    -1998.0000000000002    6.14    -3.94519333155
24.25    -0.0625    -1997.375    6.14    -3.94514653294
24.25    0.0625    -1998.625    6.14    -3.94495933848
24.31    0.0    -1997.875    6.14    -3.94505293571
24.25    -0.0625    -1997.5000000000002    6.14    -3.9450061371
24.25    0.0625    -1997.875    6.14    -3.94486574126
24.25    0.0625    -1998.125    6.14    -3.94481894264
24.31    0.0625    -1997.6249999999998    6.14    -3.94491253987
24.31    0.0625    -1997.6249999999998    6.14    -3.94428189058
24.25    0.0625    -1997.875    6.14    -3.94432868116
24.25    0.0625    -1997.875    6.14    -3.94435207645
24.31    0.0625    -1998.125    6.14    -3.94432868116
24.31    0.0625    -1998.25    6.14    -3.9437918109
24.31    0.0    -1998.4999999999998    6.14    -3.94304464508
24.31    0.0    -1998.25    6.14    -3.94316158136
24.31    0.0625    -1998.125    6.14    -3.94262510654
24.31    0.0625    -1998.0000000000002    6.14    -3.94199530434
24.31    0.0    -1997.75    6.14    -3.941295598
24.31    0.0    -1997.875    6.14    -3.94131897322
24.31    0.0    -1997.875    6.14    -3.94136572365
24.25    0.0    -1997.875    6.14    -3.94068962196
24.31    0.0625    -1997.875    6.14    -3.94068962196
24.31    0.0    -1998.0000000000002    6.14    -3.94064287954
24.31    0.0625    -1998.125    6.14    -3.94059613712
24.31    0.125    -1998.3750000000002    6.14    -3.9405260235
24.31    0.0625    -1998.3750000000002    6.14    -3.94054939471
24.31    0.0625    -1998.25    6.14    -3.94059613712
24.31    0.0625    -1997.875    6.14    -3.94064287954
24.31    0.0    -1997.6249999999998    6.14    -3.94066625075
24.31    0.0    -1997.5000000000002    6.14    -3.94061950833
24.25    0.0    -1997.6249999999998    6.14    -3.94054939471
24.25    0.0    -1997.6249999999998    6.14    -3.94050265229
24.25    0.0625    -1997.75    6.14    -3.94113197147
24.25    0.0625    -1997.875    6.14    -3.94176151204
24.31    0.0625    -1998.0000000000002    6.14    -3.94239127412
24.31    0.0    -1998.25    6.14    -3.94232112439
24.25    0.0625    -1998.125    6.14    -3.94229774115
24.31    0.0    -1998.0000000000002    6.14    -3.94295109605
24.31    0.0625    -1998.125    6.14    -3.94297448331
24.31    0.0    -1998.0000000000002    6.14    -3.94306803233
24.31    0.0    -1997.875    6.14    -3.94316158136
24.31    -0.0625    -1997.875    6.14    -3.94253157357
24.31    -0.0625    -1997.75    6.14    -3.94190178742
24.31    -0.0625    -1997.6249999999998    6.14    -3.94122547234
24.31    0.0    -1998.0000000000002    6.14    -3.94050265229
24.31    0.0625    -1998.0000000000002    6.14    -3.94050265229
24.31    0.0625    -1998.125    6.14    -3.94045590987
24.31    0.0625    -1998.4999999999998    6.14    -3.93978008558
24.31    0.0625    -1998.3750000000002    6.14    -3.93987355438
24.31    0.0625    -1998.25    6.14    -3.93992028878
24.31    0.0625    -1998.25    6.14    -3.93996702318
24.31    0.0    -1997.75    6.14    -3.94003712478
24.31    0.0    -1997.6249999999998    6.14    -3.94001375758
24.31    -0.0625    -1997.6249999999998    6.14    -3.93999039038
24.31    -0.0625    -1997.6249999999998    6.14    -3.93999039038
24.31    0.0625    -1997.75    6.14    -3.93992028878
24.31    0.0    -1997.875    6.14    -3.93987355438
24.31    0.0625    -1998.125    6.14    -3.93982681998
24.31    0.0625    -1998.125    6.14    -3.93975671838
24.31    0.0625    -1998.3750000000002    6.14    -3.93970998398
24.31    0.0625    -1998.125    6.14    -3.93973335118
24.31    0.0625    -1998.25    6.14    -3.93970998398
24.31    0.0625    -1998.125    6.14    -3.93980345278
24.31    0.0    -1998.125    6.14    -3.93989692158
24.31    0.0    -1998.125    6.14    -3.93999039038
24.31    0.0    -1998.0000000000002    6.14    -3.94008385919
24.31    0.0625    -1998.25    6.14    -3.94013059359
24.31    0.0625    -1998.4999999999998    6.14    -3.94020069519
24.31    0.0625    -1998.625    6.14    -3.94027079679
24.31    0.0625    -1998.625    6.14    -3.94036426559
24.31    0.0625    -1998.3750000000002    6.14    -3.94041099999
24.31    0.0    -1998.25    6.14    -3.94045773439
24.31    0.0    -1998.0000000000002    6.14    -3.94045773439
24.31    -0.0625    -1998.0000000000002    6.14    -3.94043436719
24.31    -0.0625    -1998.0000000000002    6.14    -3.94041099999
24.31    0.0    -1998.125    6.14    -3.94038763279
24.31    0.0625    -1998.125    6.14    -3.94041099999
24.31    0.0625    -1998.4999999999998    6.14    -3.94038763279
24.31    0.0625    -1998.4999999999998    6.14    -3.94038763279
24.25    0.0    -1998.3750000000002    6.14    -3.94036426559
24.31    0.0    -1998.25    6.14    -3.94099344767
24.25    0.0    -1997.875    6.14    -3.94097007646
24.25    0.0    -1998.0000000000002    6.14    -3.94157610062
24.25    0.0    -1998.125    6.14    -3.94225247586
24.25    0.0    -1998.3750000000002    6.14    -3.94295247193
24.25    0.0625    -1998.4999999999998    6.14    -3.94369948826
24.25    0.125    -1998.75    6.14    -3.94444676651
24.25    0.0625    -1998.4999999999998    6.14    -3.94524109741
24.25    0.0    -1998.4999999999998    6.14    -3.94591871006
24.25    0.0    -1998.25    6.14    -3.94659656095
24.25    0.0    -1998.125    6.14    -3.94657315762
24.25    0.0    -1998.25    6.14    -3.9472278355
24.25    -0.0625    -1998.0000000000002    6.14    -3.94729805754
24.25    0.0    -1998.4999999999998    6.14    -3.94729805754
24.25    0.0    -1998.4999999999998    6.14    -3.94736827959
24.25    0.0    -1998.4999999999998    6.14    -3.94739168693
24.25    0.0625    -1998.3750000000002    6.14    -3.94739168693
24.25    0.0625    -1998.4999999999998    6.14    -3.94732146489
24.25    0.0625    -1998.25    6.14    -3.94732146489
24.25    0.0625    -1998.125    6.14    -3.94727465019
24.25    0.0625    -1998.125    6.14    -3.94725124285
24.25    0.0625    -1998.0000000000002    6.14    -3.94725124285
24.25    0.0625    -1998.125    6.14    -3.94720442815
24.25    0.0625    -1998.25    6.14    -3.9472278355
24.25    0.0625    -1998.3750000000002    6.14    -3.9471810208
24.25    0.0625    -1998.3750000000002    6.14    -3.94715761346
24.25    0.0625    -1998.3750000000002    6.14    -3.94713420611
24.25    0.0625    -1998.25    6.14    -3.94713420611
24.25    0.0    -1998.0000000000002    6.14    -3.94708739141
24.25    0.0    -1997.875    6.14    -3.94704057672
24.25    0.0    -1998.0000000000002    6.14    -3.94699376202
24.19    0.0    -1998.0000000000002    6.14    -3.94697035468
24.19    0.0625    -1998.3750000000002    6.14    -3.94764863012
24.19    0.0625    -1998.4999999999998    6.14    -3.94837397494
24.19    0.0625    -1998.625    6.14    -3.94909957459
24.19    0.0    -1998.625    6.14    -3.9498254292
24.19    0.0    -1998.625    6.14    -3.9505515389
24.19    0.0625    -1998.3750000000002    6.14    -3.95127790384
24.19    0.0    -1998.125    6.14    -3.9519810886
24.19    0.0    -1997.875    6.14    -3.95268452081
24.19    0.0    -1997.875    6.14    -3.95336475698
24.19    0.0625    -1998.0000000000002    6.14    -3.95402178515
24.19    0.0    -1998.0000000000002    6.14    -3.95402178515
24.19    0.0625    -1998.125    6.14    -3.95395144224
24.19    0.0625    -1998.3750000000002    6.14    -3.95388109933
24.19    0.0625    -1998.4999999999998    6.14    -3.95383420406
24.19    0.125    -1998.75    6.14    -3.95381075642
24.19    0.0625    -1998.625    6.14    -3.95383420406
24.19    0.0    -1998.3750000000002    6.14    -3.95388109933
24.19    0.0    -1998.0000000000002    6.14    -3.9539279946
24.19    0.0    -1998.125    6.14    -3.95395144224
24.19    0.0    -1998.0000000000002    6.14    -3.95399833751
24.19    0.0    -1998.0000000000002    6.14    -3.95399833751
24.19    0.0    -1998.25    6.14    -3.95399833751
24.19    0.0625    -1998.3750000000002    6.14    -3.95402178515
24.19    0.0    -1998.4999999999998    6.14    -3.95402178515
24.19    0.0    -1998.625    6.14    -3.95402178515
24.19    0.0    -1998.625    6.14    -3.95399833751
24.19    0.0625    -1998.625    6.14    -3.95399833751
24.19    -0.25    -1995.4999999999998    6.14    -3.95404523278
24.19    0.0625    -1998.0000000000002    6.14    -3.95357628006
24.19    0.0625    -1997.6249999999998    6.14    -3.95355283242
24.19    -0.0625    -1997.75    6.14    -3.95348248951
24.19    0.0625    -1998.25    6.14    -3.95343559424
24.19    0.0    -1997.875    6.14    -3.95343559424
24.19    0.0625    -1998.0000000000002    6.14    -3.9533418037
24.19    0.0625    -1998.25    6.14    -3.95324801315
24.19    0.0625    -1998.4999999999998    6.14    -3.95317767024
24.19    0.0    -1998.3750000000002    6.14    -3.95315422261
24.19    0.0    -1998.3750000000002    6.14    -3.95310732733
24.25    0.0    -1996.125    6.14    -3.95364662297
24.19    0.0    -1998.4999999999998    6.14    -3.95261456175
24.19    -0.0625    -1997.75    6.14    -3.95277866696
24.19    0.0    -1998.0000000000002    6.14    -3.95277866696
24.25    0.0    -1998.125    6.14    -3.95273177975
24.19    -0.0625    -1998.25    6.14    -3.95209853163
24.19    0.0    -1999.7499999999998    6.14    -3.95214541076
24.25    0.125    -1997.75    6.14    -3.95242668557
24.19    0.0625    -1998.8749999999998    6.14    -3.95160612005
24.19    -0.0625    -1998.125    6.14    -3.95169986219
24.19    0.125    -1998.4999999999998    6.14    -3.95165299112
24.19    0.0    -1998.8749999999998    6.14    -3.95277827908
24.25    0.0625    -1998.3750000000002    6.14    -3.95284859778
24.25    0.0    -1998.3750000000002    6.14    -3.95228575056
24.25    0.0    -1998.0000000000002    6.14    -3.9516762394
24.25    0.0    -1998.4999999999998    6.14    -3.9516528079
24.25    0.0    -1998.25    6.14    -3.95102008839
24.25    0.0625    -1998.625    6.14    -3.95005966366
24.19    0.125    -1998.3750000000002    6.14    -3.95022362778
24.25    0.0    -1998.625    6.14    -3.950129934
24.19    0.0625    -1998.625    6.14    -3.94954454356
24.19    0.0    -1998.3750000000002    6.14    -3.94956796298
24.19    0.0    -1998.25    6.14    -3.9494742853
24.25    0.0    -1998.25    6.14    -3.950129934
24.25    0.0    -1997.875    6.14    -3.95010651055
24.19    0.0    -1997.875    6.14    -3.95008308711
24.25    0.0625    -1997.875    6.14    -3.9506452488
24.25    0.0    -1998.25    6.14    -3.95057496638
24.25    0.0625    -1998.4999999999998    6.14    -3.95050468396
24.25    0.125    -1998.4999999999998    6.14    -3.94984885265
24.25    0.0625    -1998.625    6.14    -3.9498254292
24.19    0.0625    -1998.3750000000002    6.14    -3.94914641343
24.25    0.0    -1998.25    6.14    -3.94914641343
24.25    0.0    -1998.25    6.14    -3.94846763652
24.25    0.0    -1998.0000000000002    6.14    -3.94846763652
24.25    0.0    -1998.25    6.14    -3.94849105191
24.25    0.0    -1998.125    6.14    -3.94788274382
24.25    0.0625    -1998.125    6.14    -3.94792956656
24.25    0.0625    -1998.125    6.14    -3.94790615519
24.25    0.0625    -1998.25    6.14    -3.94783592108
24.19    0.0625    -1998.625    6.14    -3.94778909834
24.19    0.0625    -1998.4999999999998    6.14    -3.94846763652
24.25    0.0625    -1998.3750000000002    6.14    -3.94849105191
24.25    0.0    -1998.4999999999998    6.14    -3.94851446731
24.25    0.0    -1998.3750000000002    6.14    -3.94856129809
24.25    0.0    -1998.125    6.14    -3.94863154428
24.25    0.0    -1998.0000000000002    6.14    -3.94860812888
24.25    0.0    -1997.875    6.14    -3.94858471349
24.25    0.0    -1998.125    6.14    -3.9485378827
24.25    0.0    -1998.3750000000002    6.14    -3.9485378827
24.25    0.0625    -1998.3750000000002    6.14    -3.94856129809
24.25    0.0625    -1998.75    6.14    -3.94783592108
24.25    0.0625    -1998.75    6.14    -3.94720442815
24.25    0.0    -1998.4999999999998    6.14    -3.94727465019
24.25    0.0    -1998.25    6.14    -3.94727465019
24.25    0.0    -1998.125    6.14    -3.94725124285
24.25    0.125    -1998.0000000000002    6.14    -3.94725124285
24.25    -0.0625    -1997.875    6.14    -3.94725124285
24.25    -0.0625    -1997.875    6.14    -3.94725124285
24.25    0.0    -1997.875    6.14    -3.94720442815
24.25    0.0    -1998.0000000000002    6.14    -3.94711079876
24.25    0.0    -1998.0000000000002    6.14    -3.94704057672
24.25    0.0625    -1998.25    6.14    -3.94690013263
24.25    0.0625    -1998.3750000000002    6.14    -3.94680650324
24.25    0.0625    -1998.3750000000002    6.14    -3.9467830959
24.25    0.0625    -1998.4999999999998    6.14    -3.94680650324
24.25    0.0625    -1998.4999999999998    6.14    -3.94687672529
24.25    0.0    -1998.3750000000002    6.14    -3.94697035468
24.25    0.0    -1998.125    6.14    -3.94706398407
24.25    0.0    -1997.875    6.14    -3.94711079876
24.25    0.0625    -1998.125    6.14    -3.94711079876
24.25    0.0625    -1997.875    6.14    -3.94713420611
24.25    0.0625    -1998.125    6.14    -3.94711079876
24.25    0.0625    -1998.25    6.14    -3.94708739141
24.25    0.0625    -1998.3750000000002    6.14    -3.94706398407
24.25    0.0625    -1998.8749999999998    6.14    -3.94706398407
24.25    0.0625    -1998.75    6.14    -3.94713420611
24.25    0.0625    -1998.4999999999998    6.14    -3.9471810208
24.25    0.0625    -1998.25    6.14    -3.94720442815
24.25    0.0    -1998.0000000000002    6.14    -3.9472278355
24.25    0.0    -1997.875    6.14    -3.94725124285
24.25    0.0    -1997.875    6.14    -3.94720442815
24.25    0.0625    -1998.125    6.14    -3.94720442815
24.25    0.0    -1998.3750000000002    6.14    -3.94720442815
24.25    0.0625    -1998.4999999999998    6.14    -3.9472278355
24.25    0.0625    -1998.625    6.14    -3.94725124285
24.25    0.125    -1998.75    6.14    -3.94720442815
24.25    0.0625    -1998.625    6.14    -3.94720442815
24.25    0.0625    -1998.3750000000002    6.14    -3.9472278355
24.25    0.0625    -1998.25    6.14    -3.94725124285
24.25    0.0    -1997.875    6.14    -3.94729805754
24.25    0.0    -1997.875    6.14    -3.94729805754
24.25    0.0625    -1998.0000000000002    6.14    -3.94729805754
24.25    0.0    -1998.125    6.14    -3.94727465019
24.25    0.0625    -1998.625    6.14    -3.9472278355
24.25    0.125    -1998.625    6.14    -3.94725124285
24.25    0.0625    -1998.625    6.14    -3.94725124285
24.25    0.0625    -1998.4999999999998    6.14    -3.9472278355
24.25    0.0625    -1998.4999999999998    6.14    -3.94720442815
24.25    0.0    -1998.125    6.14    -3.9472278355
24.25    0.0    -1998.125    6.14    -3.94720442815
24.25    0.0    -1998.0000000000002    6.14    -3.94725124285
24.25    0.0625    -1998.125    6.14    -3.94727465019
24.25    0.0    -1998.25    6.14    -3.94729805754
24.25    0.0    -1998.25    6.14    -3.94732146489
24.25    0.0625    -1998.625    6.14    -3.94725124285
24.25    0.0    -1998.75    6.14    -3.94725124285
24.25    0.0    -1998.625    6.14    -3.94727465019
24.31    0.0    -1998.3750000000002    6.14    -3.94729805754
24.31    0.0    -1998.125    6.14    -3.94659656095
24.25    0.0    -1998.125    6.14    -3.94591871006
24.31    0.0    -1998.0000000000002    6.14    -3.94591871006
24.25    0.0625    -1998.25    6.14    -3.94524109741
24.25    0.0625    -1998.3750000000002    6.14    -3.9452644927
24.25    0.0625    -1998.4999999999998    6.14    -3.94528788799
24.25    0.0625    -1998.75    6.14    -3.94533467857
24.25    0.0625    -1998.4999999999998    6.14    -3.94535807386
24.25    0.0    -1998.3750000000002    6.14    -3.94531128328
24.25    0.0    -1998.0000000000002    6.14    -3.9452644927
24.25    0.0    -1998.125    6.14    -3.94587191145
24.25    0.0    -1997.875    6.14    -3.9465497543
24.25    0.0    -1997.875    6.14    -3.94650294764
24.25    0.0625    -1998.0000000000002    6.14    -3.94715761346
24.25    0.0    -1998.25    6.14    -3.94711079876
24.25    0.0    -1998.3750000000002    6.14    -3.94708739141
24.25    0.0625    -1998.3750000000002    6.14    -3.94706398407
24.25    0.0625    -1998.3750000000002    6.14    -3.94699376202
24.25    0.0625    -1998.25    6.14    -3.94697035468
24.25    0.0    -1998.125    6.14    -3.94694694733
24.25    0.0    -1998.125    6.14    -3.94697035468
24.25    0.0    -1998.0000000000002    6.14    -3.94697035468
24.25    0.0625    -1998.125    6.14    -3.94699376202
24.25    0.0    -1998.3750000000002    6.14    -3.94704057672
24.25    -0.0625    -1999.3749999999998    6.14    -3.94711079876
24.25    0.0625    -1998.3750000000002    6.14    -3.94732146489
24.25    -0.0625    -1999.125    6.14    -3.94732146489
24.25    0.0625    -1997.875    6.14    -3.94746190898
24.25    0.0    -1998.0000000000002    6.14    -3.94736827959
24.25    -0.0625    -1997.75    6.14    -3.94732146489
24.25    -0.0625    -1997.875    6.14    -3.94725124285
24.25    0.0    -1998.125    6.14    -3.94720442815
24.25    0.0625    -1998.3750000000002    6.14    -3.9472278355
24.25    0.125    -1998.3750000000002    6.14    -3.94727465019
24.25    0.0625    -1998.4999999999998    6.14    -3.94727465019
24.25    0.0    -1998.25    6.14    -3.94711079876
24.25    0.0625    -1998.125    6.14    -3.94708739141
24.25    0.0    -1998.0000000000002    6.14    -3.94690013263
24.25    0.0    -1998.0000000000002    6.14    -3.94692353998
24.25    0.0625    -1998.125    6.14    -3.94692353998
24.25    0.0625    -1998.4999999999998    6.14    -3.94699376202
24.25    0.0625    -1998.4999999999998    6.14    -3.94711079876
24.25    0.0625    -1998.3750000000002    6.14    -3.9471810208
24.25    0.0    -1998.0000000000002    6.14    -3.9471810208
24.25    0.0625    -1997.875    6.14    -3.94711079876
24.25    0.0    -1997.75    6.14    -3.94699376202
24.25    0.0    -1998.0000000000002    6.14    -3.94690013263
24.25    0.0    -1998.25    6.14    -3.94687672529
24.25    0.0625    -1998.3750000000002    6.14    -3.94692353998
24.25    0.125    -1998.4999999999998    6.14    -3.94699376202
24.25    0.0625    -1998.625    6.14    -3.94706398407
24.31    0.0625    -1998.3750000000002    6.14    -3.94708739141
24.31    0.0625    -1998.25    6.14    -3.94638593101
24.31    0.0    -1997.875    6.14    -3.945684717
24.31    0.0    -1997.75    6.14    -3.94498374924
24.31    -0.0625    -1997.875    6.14    -3.94428302761
24.25    -0.0625    -1997.6249999999998    6.14    -3.94362932649
24.31    0.0625    -1998.25    6.14    -3.94355916472
24.31    0.0    -1998.25    6.14    -3.94288232221
24.25    0.0625    -1998.25    6.14    -3.94218233817
24.31    0.0    -1998.125    6.14    -3.94213557971
24.25    0.0625    -1998.0000000000002    6.14    -3.94136572365
24.31    0.0    -1998.0000000000002    6.14    -3.94197192511
24.25    0.0    -1998.0000000000002    6.14    -3.94192516665
24.31    0.0    -1997.875    6.14    -3.94262510654
24.31    0.0    -1997.875    6.14    -3.94264848978
24.25    0.0625    -1998.3750000000002    6.14    -3.94264848978
24.31    0.0625    -1998.625    6.14    -3.94278878924
24.25    0.125    -1998.625    6.14    -3.94285893896
24.25    0.0625    -1998.4999999999998    6.14    -3.94360593923
24.31    0.0    -1998.25    6.14    -3.94365271374
24.25    0.0    -1997.875    6.14    -3.943676101
24.25    0.0    -1997.875    6.14    -3.94365271374
24.31    0.0625    -1997.875    6.14    -3.94430641888
24.25    0.0625    -1997.875    6.14    -3.94360593923
24.25    0.0625    -1998.0000000000002    6.14    -3.94428302761
24.25    0.0625    -1998.25    6.14    -3.94498374924
24.25    0.125    -1998.4999999999998    6.14    -3.94496035395
24.25    0.0625    -1998.3750000000002    6.14    -3.94561451907
24.25    0.0    -1998.3750000000002    6.14    -3.94556772046
24.25    0.0    -1998.3750000000002    6.14    -3.94554432115
24.25    0.0    -1998.25    6.14    -3.94624551105
24.25    -0.0625    -1998.25    6.14    -3.94631572103
24.25    0.0    -1998.25    6.14    -3.94638593101
24.25    0.0    -1998.25    6.14    -3.94713420611
24.25    0.0625    -1998.4999999999998    6.14    -3.94720442815
24.25    0.0625    -1998.4999999999998    6.14    -3.94729805754
24.25    0.0625    -1998.625    6.14    -3.94734487224
24.25    0.0625    -1998.625    6.14    -3.94736827959
24.25    0.0625    -1998.625    6.14    -3.94741509428
24.25    0.0625    -1998.625    6.14    -3.94746190898
24.25    0.0625    -1998.25    6.14    -3.94750872367
24.25    0.0    -1998.125    6.14    -3.94750872367
24.25    0.0    -1998.0000000000002    6.14    -3.94748531632
24.25    0.0    -1998.0000000000002    6.14    -3.94743850163
24.25    0.0    -1998.125    6.14    -3.94739168693
24.25    0.0    -1998.25    6.14    -3.94732146489
24.25    0.125    -1998.125    6.14    -3.94727465019
24.31    0.0    -1998.3750000000002    6.14    -3.9471810208
24.25    0.0625    -1998.4999999999998    6.14    -3.94645614099
24.25    0.0625    -1998.4999999999998    6.14    -3.94643273766
24.25    0.0    -1998.4999999999998    6.14    -3.94640933434
24.25    0.0    -1998.3750000000002    6.14    -3.94645614099
24.31    0.0    -1998.125    6.14    -3.94650294764
24.31    0.0    -1998.0000000000002    6.14    -3.94584851214
24.31    -0.0625    -1997.875    6.14    -3.94517091155
24.31    0.0    -1998.0000000000002    6.14    -3.94444676651
24.31    0.0    -1998.0000000000002    6.14    -3.94372287551
24.31    -0.0625    -1998.125    6.14    -3.94302262166
24.31    0.0625    -1998.125    6.14    -3.94297585518
24.25    0.0625    -1998.25    6.14    -3.94222909663
24.25    0.125    -1998.25    6.14    -3.94218233817
24.31    0.0625    -1998.3750000000002    6.14    -3.94213557971
24.31    0.0625    -1998.4999999999998    6.14    -3.94145922453
24.31    0.0    -1998.625    6.14    -3.94152935018
24.31    0.0625    -1998.4999999999998    6.14    -3.94164622628
24.31    0.0625    -1998.3750000000002    6.14    -3.94176310237
24.31    0.0    -1998.25    6.14    -3.94183322802
24.31    0.0    -1998.125    6.14    -3.94187997846
24.31    0.0    -1998.25    6.14    -3.94187997846
24.31    0.0625    -1998.25    6.14    -3.94190335368
24.31    0.0625    -1998.125    6.14    -3.94122715976
24.31    0.0    -1998.25    6.14    -3.94052783599
24.31    0.0625    -1998.25    6.14    -3.94050446879
24.31    0.0625    -1998.4999999999998    6.14    -3.94045773439
24.31    0.0625    -1998.4999999999998    6.14    -3.94043436719
24.31    0.0625    -1998.3750000000002    6.14    -3.94043436719
24.31    0.0625    -1998.25    6.14    -3.94043436719
24.31    0.0    -1998.25    6.14    -3.94043436719
24.31    0.0    -1998.125    6.14    -3.94045773439
24.31    0.0    -1998.0000000000002    6.14    -3.94043436719
24.31    0.0    -1997.875    6.14    -3.94038763279
24.31    0.0    -1998.25    6.14    -3.94034089839
24.31    0.0625    -1998.25    6.14    -3.94034089839
24.25    0.0625    -1998.25    6.14    -3.94034089839
24.31    0.0625    -1998.3750000000002    6.14    -3.94097007646
24.25    0.0625    -1998.3750000000002    6.14    -3.94094670526
24.25    0.0    -1998.4999999999998    6.14    -3.94162285106
24.25    0.0625    -1998.3750000000002    6.14    -3.94234599278
24.25    0.0625    -1998.125    6.14    -3.9430460049
24.25    0.0    -1998.125    6.14    -3.94372287551
24.25    0.0    -1998.25    6.14    -3.94442337524
24.25    0.0    -1998.125    6.14    -3.94517091155
24.25    0.0    -1998.125    6.14    -3.94582511284
24.25    0.0625    -1998.25    6.14    -3.94647954432
24.25    0.0    -1998.125    6.14    -3.94647954432
24.25    0.0    -1998.3750000000002    6.14    -3.94711079876
24.25    0.0625    -1998.4999999999998    6.14    -3.94711079876
24.25    0.0625    -1998.3750000000002    6.14    -3.94711079876
24.25    0.0625    -1998.3750000000002    6.14    -3.94711079876
24.25    0.0    -1998.3750000000002    6.14    -3.94715761346
24.25    0.0625    -1998.0000000000002    6.14    -3.94720442815
24.25    0.0    -1997.875    6.14    -3.94715761346
24.25    -0.0625    -1998.125    6.14    -3.94711079876
24.25    -0.0625    -1998.0000000000002    6.14    -3.94711079876
24.25    -0.0625    -1998.25    6.14    -3.94706398407
24.25    0.0    -1998.25    6.14    -3.94708739141
24.25    0.0625    -1998.625    6.14    -3.94706398407
24.25    0.0625    -1998.8749999999998    6.14    -3.94708739141
24.25    0.0625    -1998.25    6.14    -3.9471810208
24.25    0.0625    -1998.25    6.14    -3.94715761346
24.25    0.0    -1998.125    6.14    -3.94713420611
24.25    0.0    -1997.875    6.14    -3.94715761346
24.25    0.0    -1998.0000000000002    6.14    -3.94715761346
24.25    0.0    -1998.0000000000002    6.14    -3.94713420611
24.25    0.0    -1998.0000000000002    6.14    -3.94713420611
24.25    0.0625    -1998.125    6.14    -3.94708739141
24.25    0.0625    -1998.125    6.14    -3.94706398407
24.25    0.0625    -1998.3750000000002    6.14    -3.94697035468
24.25    0.0625    -1998.625    6.14    -3.94687672529
24.25    0.0625    -1998.25    6.14    -3.94694694733
24.25    0.0    -1998.125    6.14    -3.94694694733
24.25    -0.0625    -1997.75    6.14    -3.94694694733
24.25    -0.0625    -1997.75    6.14    -3.94692353998
24.25    0.0    -1997.75    6.14    -3.94687672529
24.25    0.0    -1997.875    6.14    -3.94682991059
24.25    0.0    -1998.0000000000002    6.14    -3.94680650324
24.25    0.0    -1998.125    6.14    -3.9467830959
24.25    0.0625    -1998.3750000000002    6.14    -3.9467830959
24.25    0.0625    -1998.625    6.14    -3.9467830959
24.25    0.0625    -1998.4999999999998    6.14    -3.9467830959
24.25    0.0625    -1998.3750000000002    6.14    -3.94682991059
24.25    0.0625    -1998.125    6.14    -3.94687672529
24.25    0.0625    -1998.0000000000002    6.14    -3.94694694733
24.25    0.0    -1997.875    6.14    -3.94699376202
24.25    0.0625    -1997.75    6.14    -3.94701716937
24.25    0.0625    -1998.0000000000002    6.14    -3.94699376202
24.25    0.0625    -1998.0000000000002    6.14    -3.94699376202
24.25    0.125    -1998.3750000000002    6.14    -3.94697035468
24.25    0.0625    -1998.4999999999998    6.14    -3.94697035468
24.25    0.0625    -1998.4999999999998    6.14    -3.94694694733
24.25    0.0    -1998.3750000000002    6.14    -3.94694694733
24.25    0.0    -1998.125    6.14    -3.94694694733
24.25    -0.0625    -1997.875    6.14    -3.94694694733
24.25    0.0    -1998.0000000000002    6.14    -3.94692353998
24.25    -0.0625    -1998.0000000000002    6.14    -3.94694694733
24.25    0.0    -1998.125    6.14    -3.94699376202
24.25    0.0625    -1998.25    6.14    -3.94701716937
24.25    0.0625    -1998.4999999999998    6.14    -3.94706398407
24.25    0.125    -1998.4999999999998    6.14    -3.94708739141
24.25    0.0625    -1998.25    6.14    -3.94708739141
24.25    0.0625    -1998.25    6.14    -3.94704057672
24.25    0.0    -1998.125    6.14    -3.94701716937
24.25    0.0    -1998.0000000000002    6.14    -3.94701716937
24.25    0.0    -1997.875    6.14    -3.94704057672
24.25    0.0625    -1998.125    6.14    -3.94701716937
24.25    0.0    -1998.3750000000002    6.14    -3.94704057672
24.25    0.0625    -1998.4999999999998    6.14    -3.94708739141
24.25    0.0625    -1998.3750000000002    6.14    -3.94713420611
24.31    0.0625    -1998.3750000000002    6.14    -3.94711079876
24.31    0.0625    -1998.125    6.14    -3.94640933434
24.25    0.0625    -1998.0000000000002    6.14    -3.9457081163
24.31    0.0625    -1997.875    6.14    -3.94566131769
24.25    0.0    -1997.875    6.14    -3.94493695866
24.31    0.0    -1998.0000000000002    6.14    -3.94491356337
24.31    0.0    -1998.0000000000002    6.14    -3.94425963634
24.31    0.0625    -1998.3750000000002    6.14    -3.94355916472
24.25    0.0625    -1998.3750000000002    6.14    -3.94288232221
24.25    0.125    -1998.4999999999998    6.14    -3.94285893896
24.25    0.0    -1998.25    6.14    -3.94288232221
24.25    0.0625    -1998.3750000000002    6.14    -3.94353577746
24.25    0.0625    -1997.875    6.14    -3.94425963634
24.25    0.0    -1998.4999999999998    6.14    -3.94423624506
24.25    -0.0625    -1997.875    6.14    -3.94503053981
24.25    -0.125    -1995.3750000000002    6.14    -3.94503053981
24.25    -0.0625    -1997.0    6.14    -3.94521673086
24.25    0.0625    -1998.25    6.14    -3.94570723454
24.25    0.1875    -1998.3750000000002    6.14    -3.94636176364
24.31    0.0625    -1998.625    6.14    -3.94636176364
24.25    -0.0625    -1998.0000000000002    6.14    -3.94570723454
24.25    0.125    -1997.75    6.14    -3.94566042789
24.31    0.0    -1997.6249999999998    6.14    -3.94554341126
24.25    0.0625    -1997.75    6.14    -3.94481894264
24.25    0.0625    -1998.0000000000002    6.14    -3.9446785468
24.31    0.0625    -1998.0000000000002    6.14    -3.94470194611
24.25    0.0    -1998.125    6.14    -3.94451584347
24.25    0.0    -1998.125    6.14    -3.94472640106
24.25    0.0    -1998.25    6.14    -3.94470300577
24.25    0.0625    -1998.3750000000002    6.14    -3.94467961049
24.25    0.0    -1998.3750000000002    6.14    -3.94531032809
24.31    0.0    -1998.125    6.14    -3.94538052601
24.31    0.0    -1998.125    6.14    -3.94477319164
24.31    0.0625    -1998.125    6.14    -3.94486677279
24.31    0.0    -1998.125    6.14    -3.94425963634
24.31    0.0    -1998.125    6.14    -3.94360593923
24.25    0.0    -1998.25    6.14    -3.94362932649
24.25    0.0625    -1998.625    6.14    -3.94365271374
24.25    0.125    -1998.75    6.14    -3.94374626277
24.25    0.0625    -1998.4999999999998    6.14    -3.94383981179
24.25    0.0625    -1998.4999999999998    6.14    -3.94386319905
24.25    0.0    -1998.25    6.14    -3.94388658631
24.31    0.0625    -1998.25    6.14    -3.94458711414
24.25    0.0625    -1998.0000000000002    6.14    -3.94461050541
24.31    0.0625    -1998.125    6.14    -3.9452644927
24.25    0.0625    -1998.25    6.14    -3.9452644927
24.31    0.0625    -1997.875    6.14    -3.94596550868
24.25    0.125    -1999.0    6.14    -3.94521770212
24.25    0.0625    -1998.0000000000002    6.14    -3.94528788799
24.25    0.125    -1998.0000000000002    6.14    -3.94514751626
24.25    -0.0625    -1996.6250000000002    6.14    -3.9450539351
24.25    0.0    -1997.75    6.14    -3.94470300577
24.25    0.0    -1997.6249999999998    6.14    -3.94460942462
24.25    0.0625    -1998.25    6.14    -3.94516993224
24.31    0.0    -1998.3750000000002    6.14    -3.94521673086
24.25    0.1875    -1998.75    6.14    -3.94526352947
24.25    -0.1875    -1997.5000000000002    6.14    -3.9453571267
24.31    0.0    -1998.625    6.14    -3.94596467113
24.25    0.0    -1998.0000000000002    6.14    -3.94521673086
24.25    0.0    -1998.0000000000002    6.14    -3.94521673086
24.25    -0.0625    -1998.125    6.14    -3.94521673086
24.25    0.0    -1998.0000000000002    6.14    -3.94549752254
24.25    0.0    -1998.125    6.14    -3.94554432115
24.25    0.0    -1998.3750000000002    6.14    -3.94563791838
24.25    0.0    -1998.4999999999998    6.14    -3.94566131769
24.25    0.0625    -1998.3750000000002    6.14    -3.94636252768
24.25    0.0625    -1998.25    6.14    -3.9462923177
24.25    0.0    -1998.125    6.14    -3.94643273766
24.25    0.0    -1998.25    6.14    -3.94701716937
24.25    0.0    -1998.0000000000002    6.14    -3.94706398407
24.25    0.0625    -1998.0000000000002    6.14    -3.94706398407
24.31    0.0    -1997.75    6.14    -3.94704057672
24.25    0.0625    -1998.25    6.14    -3.94631572103
24.31    0.0    -1998.25    6.14    -3.94633912436
24.31    0.0625    -1998.3750000000002    6.14    -3.94563791838
24.25    0.0    -1998.8749999999998    6.14    -3.94493695866
24.31    0.0625    -1998.25    6.14    -3.94503053981
24.25    0.0625    -1998.3750000000002    6.14    -3.94435320142
24.31    0.0625    -1997.875    6.14    -3.94439998397
24.31    0.0625    -1997.875    6.14    -3.94365271374
24.31    0.0    -1997.75    6.14    -3.94295247193
24.31    0.0    -1997.75    6.14    -3.94222909663
24.31    0.0    -1997.875    6.14    -3.94222909663
24.25    0.0625    -1997.875    6.14    -3.94148259975
24.25    0.0625    -1998.0000000000002    6.14    -3.94208882125
24.31    0.0625    -1998.25    6.14    -3.94269525627
24.31    0.0    -1998.25    6.14    -3.94190178742
24.31    0.0    -1998.25    6.14    -3.94190178742
24.31    0.0625    -1998.0000000000002    6.14    -3.94120209712
24.25    -0.0625    -1998.0000000000002    6.14    -3.94122547234
24.25    -0.0625    -1997.875    6.14    -3.94192516665
24.31    0.0    -1997.875    6.14    -3.94262510654
24.25    0.0    -1997.875    6.14    -3.94264848978
24.25    -0.0625    -1997.75    6.14    -3.94332529215
24.25    0.0625    -1997.75    6.14    -3.9433019049
24.25    0.0625    -1996.125    6.14    -3.94325513039
24.25    0.0    -1999.625    6.14    -3.94353450691
24.25    -0.4375    -1996.7499999999998    6.14    -3.94446905289
24.25    0.0    -1999.7499999999998    6.14    -3.94486574126
24.25    -0.0625    -1987.2499999999998    6.14    -3.94587105783
24.25    0.0    -2001.0000000000002    6.14    -3.94385837175
24.25    0.0    -1997.0    6.14    -3.94444345491
24.25    0.0    -1997.25    6.14    -3.94495732279
24.25    0.0625    -1997.5000000000002    6.14    -3.94484028605
24.31    0.0    -1997.5000000000002    6.14    -3.94479347135
24.25    0.125    -2004.1249999999998    6.14    -3.94406900169
24.25    0.125    -1998.625    6.14    -3.94556681458
24.25    0.125    -1998.0000000000002    6.14    -3.94537958797
24.25    0.1875    -1998.625    6.14    -3.94561362124
24.25    0.125    -1998.4999999999998    6.14    -3.9454029913
24.31    0.125    -1998.625    6.14    -3.94750929068
24.25    0.0625    -1998.3750000000002    6.14    -3.9463866962
24.25    0.0625    -1998.3750000000002    6.14    -3.94664408858
24.25    0.0    -1998.0000000000002    6.14    -3.94685468234
24.25    0.0    -1997.875    6.14    -3.94694827956
24.25    -0.0625    -1997.75    6.14    -3.94769651729
