# wireless pH sensor data log
# Date: 20171020_14_30_55
# Temperature (℃), Voltage of pH, ref to RE (mV), Free Cl Current (nA), pH Value, Free Cl (ppm)
# 
24.06    0.0    -0.75    6.14    -0.219393130307
24.06    0.0    -1.25    6.14    -0.218088864369
24.06    0.0    -1.0    6.14    -0.216850703123
24.06    -0.0625    -0.5    6.14    -0.215603738498
24.06    -0.0625    0.5    6.14    -0.214323719643
24.06    -0.125    0.75    6.14    -0.212962734225
24.06    -0.1875    0.25    6.14    -0.211594574972
24.06    -0.25    -1.0    6.14    -0.210291249111
24.06    0.0    -1.5    6.14    -0.209123033266
24.06    0.0    -1.75    6.14    -0.208016470918
24.06    0.0625    -1.25    6.14    -0.206946921207
24.06    -0.0625    -0.25    6.14    -0.206993992041
24.06    -0.125    0.5    6.14    -0.206899850373
24.06    -0.125    0.5    6.14    -0.206758637872
24.06    -0.125    1.0    6.14    -0.206664496204
24.06    -0.0625    -0.25    6.14    -0.20661742537
24.06    0.0    -136.25    6.14    -0.206711567038
24.06    0.0    -619.25    6.14    -0.21956190469
24.06    0.5625    -448.0    6.14    -0.277764990798
24.06    0.0    11.75    6.14    -0.319799245464
24.06    0.0625    12.25    6.14    -0.318528332949
24.06    0.0    -1.75    6.14    -0.317257420434
24.06    0.0    -1.25    6.14    -0.317398632935
24.06    0.0    -0.25    6.14    -0.317563380854
24.12    -0.0625    -0.25    6.14    -0.317633987105
24.12    -0.0625    0.25    6.14    -0.317696766121
24.12    -0.0625    -0.75    6.14    -0.317594832888
24.12    0.0    -0.25    6.14    -0.304790395108
24.12    0.0    -0.75    6.14    -0.246504323072
24.12    0.0    -2.0    6.14    -0.204393250953
24.12    -0.0625    -0.5    6.14    -0.20565107702
24.12    -0.0625    -4.5    6.14    -0.206814441278
24.12    -0.0625    0.5    6.14    -0.207037287244
24.12    0.0    -0.25    6.14    -0.206837076899
24.12    0.0    0.0    6.14    -0.206801399645
24.12    0.0    -0.25    6.14    -0.206777904826
24.12    0.0    -0.75    6.14    -0.206824894465
24.12    0.0    -0.75    6.14    -0.206824894465
24.12    -0.0625    0.5    6.14    -0.206871884103
24.12    -0.0625    9.25    6.14    -0.206754410007
24.19    0.0    0.5    6.14    -0.205697143137
24.12    0.0    3.25    6.14    -0.205561797392
24.19    0.0    1.25    6.14    -0.204833604532
24.19    0.0    0.5    6.14    -0.20472194547
24.12    0.0    0.5    6.14    -0.204610331707
24.12    0.0    0.25    6.14    -0.204563370419
24.12    0.0    0.75    6.14    -0.204516409131
24.12    -0.0625    8.5    6.14    -0.204375525267
24.12    -0.0625    0.75    6.14    -0.20350674144
24.12    0.0    -1.25    6.14    -0.203483260796
24.12    0.0    -0.75    6.14    -0.204469447843
24.12    0.0    -1.25    6.14    -0.204628004002
24.12    -0.0625    -0.75    6.14    -0.205050740611
24.12    -0.0625    -0.25    6.14    -0.205279916285
24.12    -0.0625    0.0    6.14    -0.205391710486
24.12    0.0    0.0    6.14    -0.205438700125
24.19    0.125    0.5    6.14    -0.205462194944
24.19    0.0625    -0.75    6.14    -0.205444346931
24.19    0.0    -0.75    6.14    -0.206271979703
24.19    0.0    -0.5    6.14    -0.206371380006
24.19    -0.0625    -0.25    6.14    -0.206259457421
24.19    -0.0625    0.0    6.14    -0.206171051427
24.19    -0.0625    0.25    6.14    -0.2060122819
24.19    -0.0625    0.0    6.14    -0.205877038339
24.19    0.0    -0.5    6.14    -0.205812220677
24.19    0.0    -0.75    6.14    -0.205817786479
24.19    0.0    -0.5    6.14    -0.205846798068
24.19    0.0    -0.25    6.14    -0.205940588613
24.19    -0.0625    0.25    6.14    -0.20589369334
24.19    -0.0625    0.5    6.14    -0.205799902796
24.19    0.0625    0.0    6.14    -0.205706112251
24.19    0.0    -0.25    6.14    -0.205682664615
24.25    0.0625    0.0    6.14    -0.205706112251
24.25    0.0    -0.25    6.14    -0.20569415463
24.25    -0.0625    -1.5    6.14    -0.205682201408
24.25    -0.0625    -3.5    6.14    -0.205740559187
24.25    -0.0625    -13.0    6.14    -0.2059629177
24.25    -0.1875    0.25    6.14    -0.20709887151
24.25    0.0    -1.75    6.14    -0.207016415777
24.25    0.0    -4.0    6.14    -0.207168182872
24.25    0.0    -10.75    6.14    -0.207554052021
24.25    0.0    -0.25    6.14    -0.208525073084
24.25    -0.0625    -7.0    6.14    -0.20848924481
24.25    -0.0625    -3.25    6.14    -0.209144650542
24.25    -0.0625    -4.0    6.14    -0.209425538713
24.25    -0.0625    -6.75    6.14    -0.209659612188
24.25    0.0    -4.5    6.14    -0.209963907707
24.25    0.0    -12.0    6.14    -0.20916805789
24.25    0.0    -1.0    6.14    -0.21031501792
24.25    -0.0625    -1.0    6.14    -0.210244795878
24.25    -0.0625    -0.75    6.14    -0.209963907707
24.25    -0.0625    0.0    6.14    -0.209027613804
24.31    -0.125    0.0    6.14    -0.209004206457
24.31    0.0    0.25    6.14    -0.208313009174
24.31    -0.0625    -0.5    6.14    -0.207949639909
24.31    0.0    -0.5    6.14    -0.207586395729
24.31    0.0    -1.0    6.14    -0.206965972579
24.31    -0.0625    -0.75    6.14    -0.206603022542
24.31    0.0    -1.25    6.14    -0.205515316866
24.31    1.1875    180.75    6.14    -0.205503429344
24.31    0.0625    7.5    6.14    -0.188474387087
24.37    0.0    0.0    6.14    -0.18767080631
24.37    -0.0625    0.0    6.14    -0.187606443081
24.37    0.0    -0.5    6.14    -0.187574278404
24.37    0.0    -0.75    6.14    -0.187612190563
24.37    0.0    -0.75    6.14    -0.187603387622
24.37    -0.0625    -0.75    6.14    -0.187594587954
24.37    0.0    -0.75    6.14    -0.187539105199
24.37    0.0    -0.25    6.14    -0.187506980889
24.37    -0.0625    0.25    6.14    -0.187381527104
24.37    -0.0625    -1.0    6.14    -0.204194559175
24.37    -0.0625    -0.25    6.14    -0.204952725281
24.37    -0.0625    -0.5    6.14    -0.204976052475
24.44    -0.0625    -1.75    6.14    -0.205022706862
24.44    0.0    -2.0    6.14    -0.205098377761
24.44    0.0    -1.5    6.14    -0.205174018825
24.44    0.0    -1.0    6.14    -0.205203003623
24.44    -0.0625    -0.5    6.14    -0.205185360089
24.44    -0.0625    -0.25    6.14    -0.205121116134
24.44    0.0    -0.5    6.14    -0.205080197464
24.44    0.0    -0.75    6.14    -0.205109179373
24.44    0.0    -0.75    6.14    -0.205044990181
24.44    0.0    -1.0    6.14    -0.205050682976
24.44    0.0    -1.0    6.14    -0.205056373881
24.44    0.0    -0.75    6.14    -0.204986531792
24.44    0.0    -0.25    6.14    -0.20487012831
24.5    -0.0625    0.0    6.14    -0.204753724828
24.44    0.0    -0.25    6.14    -0.204625643113
24.5    -0.0625    -0.25    6.14    -0.204602366394
24.5    0.0625    -0.25    6.14    -0.204567423659
24.5    0.0625    -0.5    6.14    -0.204509224365
24.5    0.0625    -0.25    6.14    -0.204451045221
24.5    0.0    -0.25    6.14    -0.204369625389
24.5    0.0    2015.5    6.14    -0.204264976768
24.5    0.0    1998.25    6.14    -0.0166723213082
24.5    -0.0625    1999.0    6.14    0.169228902478
24.5    -0.0625    1999.2500000000002    6.14    0.355089952776
24.5    -0.0625    1999.2500000000002    6.14    0.540979868483
24.5    0.0    1999.0    6.14    0.72676906498
24.44    0.0    1998.75    6.14    0.912627279065
24.44    0.0    1999.0    6.14    1.09864961561
24.44    0.0    1999.2500000000002    6.14    1.28478192179
24.44    0.0    2000.0    6.14    1.4709777489
24.37    -0.0625    2000.0    6.14    1.65730690077
24.37    -0.0625    2000.0    6.14    1.65647748889
24.37    -0.0625    1999.7499999999998    6.14    1.65725338451
24.31    0.0    1999.5    6.14    1.65793673444
24.31    0.0    1999.2500000000002    6.14    1.65885756071
24.31    0.0    1999.0    6.14    1.65975609928
24.31    0.0    1999.5    6.14    1.66065563451
24.31    -0.0625    1999.7499999999998    6.14    1.66134166867
24.31    -14.375    1948.75    6.14    1.66202822267
24.25    -0.125    1999.2500000000002    6.16    1.66090586646
24.25    -0.0625    1999.2500000000002    6.16    1.6617363052
24.25    0.0    1999.2500000000002    6.16    1.66223539605
24.25    0.0    1999.5    6.16    1.66273483852
24.25    0.0    1999.7499999999998    6.16    1.66328148335
24.25    -0.0625    1999.7499999999998    6.16    1.66359009373
24.25    -0.0625    2000.2499999999998    6.16    1.66392224555
24.25    -0.0625    2000.2499999999998    6.16    1.6643248254
24.25    -0.0625    2000.0    6.16    1.66468066325
24.25    -0.0625    2000.0    6.16    1.66498973505
24.19    0.0    1999.7499999999998    6.14    1.66709470131
24.19    0.0    1999.2500000000002    6.14    1.66742800946
24.19    0.0    1999.5    6.14    1.66771460369
24.19    -0.0625    1999.2500000000002    6.14    1.66802471817
24.12    -0.0625    1999.7499999999998    6.14    1.66828809469
24.12    -0.0625    2000.0    6.14    1.66890983227
24.12    -0.0625    2000.0    6.14    1.66955548515
24.12    -0.0625    2000.0    6.14    1.67015473117
24.12    0.0    1999.7499999999998    6.14    1.6707544352
24.12    0.0    2000.0    6.14    1.67135459776
24.06    -0.0625    1999.7499999999998    6.14    1.67197869531
24.06    0.0    1999.5    6.14    1.67260327
24.12    0.0    1999.2500000000002    6.14    1.67325181584
24.06    0.0    1999.2500000000002    6.14    1.67356508709
24.06    0.0    1999.5    6.14    1.67419087545
24.06    -0.0625    2000.0    6.14    1.67445635136
24.06    0.0    2000.2499999999998    6.14    1.67474543636
24.06    -0.0625    2000.5    6.14    1.67505814269
24.06    -0.0625    2000.5    6.14    1.67539448258
24.06    -0.0625    2000.2499999999998    6.14    1.67575446828
24.06    -0.0625    2000.0    6.14    1.676067518
24.06    0.0    2000.0    6.14    1.67609104935
24.06    0.0    1999.7499999999998    6.14    1.67613811205
24.0    0.0    1999.0    6.14    1.67647481991
24.0    -0.0625    1999.2500000000002    6.14    1.67674102803
24.0    -0.0625    1999.2500000000002    6.14    1.67700733052
24.0    -3.4375    1986.7499999999998    6.14    1.67722663219
24.0    0.1875    2000.5    6.15    1.67772364625
24.0    0.0625    2000.5    6.15    1.67801364925
24.0    0.0625    2000.75    6.14    1.67682481345
24.0    0.0625    2000.2499999999998    6.14    1.67716206427
24.0    0.0625    1999.7499999999998    6.14    1.67747586615
23.94    5.5625    2017.25    6.14    1.67774263484
23.94    0.125    1999.5    6.14    1.67997423372
23.94    0.25    2000.5    6.14    1.68031233367
23.94    0.0625    1999.2500000000002    6.13    1.6792738521
23.87    0.0    1999.2500000000002    6.13    1.67956493462
23.87    0.0625    2000.2499999999998    6.13    1.68137501939
23.87    0.0    2000.2499999999998    6.13    1.6819833908
23.87    0.0    2000.0    6.13    1.68259223055
23.87    0.0    1999.7499999999998    6.13    1.68315432387
23.87    0.0625    1999.5    6.13    1.68374046762
23.87    0.0625    1999.2500000000002    6.13    1.68435068896
23.87    0.0625    1998.75    6.14    1.68443894178
23.87    0.0625    1999.2500000000002    6.14    1.68470936998
23.81    0.0    1999.2500000000002    6.14    1.68493259078
23.81    0.0625    1999.2500000000002    6.14    1.68556717642
23.81    -0.0625    1999.7499999999998    6.14    1.68586022711
23.81    0.0625    2000.0    6.14    1.68610602754
23.81    -0.1875    1998.75    6.14    1.68637559724
23.81    0.0    1999.0    6.14    1.68655052106
23.81    -0.0625    1999.2500000000002    6.14    1.68677288739
23.81    0.0    1171.0    6.14    1.687042721
23.81    0.0    1200.5    6.14    1.60882527715
23.81    0.0    1200.5    6.14    1.53342484388
23.81    -0.0625    1200.25    6.14    1.45795074434
23.81    -0.0625    1200.5    6.14    1.38218595062
23.81    0.0    1200.5    6.14    1.30644486302
23.81    -0.0625    1200.5    6.14    1.23065636317
23.81    0.0    1200.0    6.14    1.15484415718
23.81    0.0    1199.75    6.14    1.07910306959
23.81    -0.0625    1199.25    6.14    1.00331456973
23.81    0.0625    1199.75    6.14    0.92745495148
23.81    0.0    1200.0    6.14    0.930181156511
23.81    -0.0625    1200.0    6.14    0.93013374425
23.75    -0.0625    1200.5    6.14    0.930086331988
23.75    0.0    1200.25    6.14    0.930272011191
23.75    -0.0625    1200.25    6.14    0.930410327613
23.75    0.0    1200.0    6.14    0.930548693541
23.75    0.0    1199.5    6.14    0.930663386351
23.75    0.0    1199.5    6.14    0.930778120453
23.75    -0.0625    1199.75    6.14    0.930916626792
23.75    0.0    1200.0    6.14    0.93112638792
23.75    -0.0625    1200.0    6.14    0.93131248432
23.75    0.0    1200.5    6.14    0.93147490361
23.75    -0.0625    1199.75    6.14    0.931684875842
23.75    0.0    1199.5    6.14    0.931613633403
23.75    0.0    1199.25    6.14    0.931542390963
23.75    0.0    1199.0    6.14    0.931447401044
23.75    0.0    1199.0    6.14    0.931352411125
23.75    -0.0625    1199.25    6.14    0.931304916165
23.75    -0.125    1200.75    6.14    0.931281168685
23.75    -0.0625    1200.25    6.14    0.931376158605
23.75    0.0    1201.0    6.14    0.931399906085
23.75    -0.0625    1200.5    6.14    0.931494896004
23.75    -0.0625    1200.0    6.14    0.931494896004
23.75    0.0    1200.0    6.14    0.931518643484
23.75    24.0    1290.0    6.14    0.931566138443
23.75    0.0625    1200.0    6.1    0.937070548824
23.75    0.0    1199.75    6.1    0.937165223932
23.75    0.0    1200.0    6.1    0.937236230263
23.75    -0.0625    1200.25    6.1    0.937307236594
23.75    0.0    1200.5    6.1    0.93725989904
23.75    -0.0625    1200.25    6.1    0.937283567817
23.75    -0.0625    1200.25    6.1    0.937212561486
23.75    0.0    1199.75    6.1    0.937188892709
23.75    0.0    1199.75    6.1    0.937165223932
