# wireless pH sensor data log
# Date: 20170925_20_09_22
# Temperature (℃), Voltage of RE (mV), Voltage of WE_Cl after TIA (mV), Voltage of WE_pH (mV), Free Cl Current (nA), pH Voltage (mV), Free Cl (ppm), pH Value
# 
23.12    1499.25    1499.25    1602.25    0.0    103.0    -0.219393130307    6.14
23.12    1499.25    1499.125    1602.125    0.1524390243902439    102.875    -0.216058770736    5.97
23.12    1499.75    1499.125    1602.125    0.7621951219512195    102.375    -0.213541487582    5.8
23.12    1499.375    1499.125    1602.125    0.3048780487804878    102.75    -0.211480429841    5.63
23.12    1499.75    1499.125    1602.25    0.7621951219512195    102.5    -0.209897975525    5.46
23.12    1499.25    1499.125    1602.25    0.1524390243902439    103.0    -0.208493038799    5.29
23.12    1499.75    1499.25    1602.375    0.6097560975609756    102.625    -0.207384997209    5.12
23.12    1499.25    1499.25    1602.375    0.0    103.125    -0.206313809685    4.95
23.12    1499.25    1499.25    1602.375    0.0    103.125    -0.205442702419    4.78
23.12    1499.375    1499.25    1602.375    0.1524390243902439    103.0    -0.204630174443    4.61
23.19    1499.25    1499.25    1602.375    0.0    103.125    -0.203830296314    4.44
23.12    1499.375    1499.25    1602.25    0.1524390243902439    102.875    -0.203786952205    4.44
23.12    1499.375    1499.125    1602.25    0.3048780487804878    102.875    -0.203786952205    4.44
23.12    1499.25    1499.125    1602.25    0.1524390243902439    103.0    -0.203872209675    4.44
23.12    1499.25    1499.125    1602.375    0.1524390243902439    103.125    -0.203900628832    4.44
23.19    1499.25    1499.125    1602.25    0.1524390243902439    103.0    -0.204014305459    4.44
23.19    1499.375    1499.25    1602.5    0.1524390243902439    103.125    -0.203970931453    4.44
23.19    1499.375    1499.25    1602.375    0.1524390243902439    103.0    -0.204009217768    4.43
23.19    1499.25    1499.25    1602.375    0.0    103.125    -0.203937462244    4.43
23.19    1499.25    1499.25    1602.375    0.0    103.125    -0.203894131727    4.43
23.19    1499.375    1499.25    1602.375    0.1524390243902439    103.0    -0.203879208101    4.43
23.19    1499.25    1499.25    1602.25    0.0    103.0    -0.203850819626    4.43
23.19    1499.25    1499.125    1602.25    0.1524390243902439    103.0    -0.203835908377    4.43
23.19    1499.375    1499.125    1602.375    0.3048780487804878    103.0    -0.203821003468    4.43
23.19    1499.25    1499.125    1602.375    0.1524390243902439    103.125    -0.203749364107    4.43
23.19    1499.75    1499.125    1602.375    0.7621951219512195    102.625    -0.203706119538    4.43
23.19    1499.25    1499.25    1602.375    0.0    103.125    -0.203596237663    4.44
23.19    1499.75    1499.25    1602.5    0.6097560975609756    102.75    -0.203624602534    4.44
23.19    1499.25    1499.25    1602.5    0.0    103.25    -0.203539507921    4.44
23.19    1499.875    1499.25    1602.375    0.7621951219512195    102.5    -0.203539507921    4.44
23.19    1499.25    1499.25    1602.375    0.0    103.125    -0.203397683565    4.44
23.19    1499.5    1499.25    1602.375    0.3048780487804878    102.875    -0.203426048436    4.44
23.19    1499.25    1499.125    1602.375    0.1524390243902439    103.125    -0.203369318694    4.44
23.19    1499.125    1499.125    1602.25    0.0    103.125    -0.203369318694    4.44
23.19    1499.375    1499.125    1602.375    0.3048780487804878    103.0    -0.203426048436    4.44
23.19    1499.75    1499.125    1602.375    0.7621951219512195    102.625    -0.203397683565    4.44
23.19    1499.25    1499.25    1602.375    0.0    103.125    -0.203397683565    4.44
23.19    1499.125    1499.375    1602.5    -0.3048780487804878    103.375    -0.203397683565    4.44
23.19    1499.375    1499.25    1602.375    0.1524390243902439    103.0    -0.203567872792    4.44
23.19    1499.75    1499.25    1602.375    0.6097560975609756    102.625    -0.203539507921    4.44
23.19    1499.375    1499.25    1602.375    0.1524390243902439    103.0    -0.203567872792    4.44
23.19    1499.25    1499.125    1602.25    0.1524390243902439    103.0    -0.203539507921    4.44
23.19    1499.25    1499.125    1602.375    0.1524390243902439    103.125    -0.203567872792    4.44
23.19    1499.25    1499.125    1602.375    0.1524390243902439    103.125    -0.203567872792    4.44
23.19    1499.25    1499.125    1602.375    0.1524390243902439    103.125    -0.203539507921    4.44
23.19    1499.125    1499.125    1602.375    0.0    103.25    -0.203567872792    4.44
23.19    1499.375    1499.25    1602.5    0.1524390243902439    103.125    -0.203706119538    4.43
23.19    1499.25    1499.25    1602.375    0.0    103.125    -0.203677755165    4.43
23.19    1499.375    1499.25    1602.5    0.1524390243902439    103.125    -0.203621026419    4.43
23.19    1499.25    1499.25    1602.375    0.0    103.125    -0.203621026419    4.43
23.19    1499.375    1499.375    1602.375    0.0    103.0    -0.203734483911    4.43
23.19    1499.25    1499.125    1602.25    0.1524390243902439    103.0    -0.203762848284    4.43
23.19    1499.375    1499.125    1602.375    0.3048780487804878    103.0    -0.203762848284    4.43
23.19    1499.375    1499.125    1602.25    0.3048780487804878    102.875    -0.203734483911    4.43
23.19    1499.375    1499.125    1602.375    0.3048780487804878    103.0    -0.203706119538    4.43
23.19    1499.375    1499.125    1602.375    0.3048780487804878    103.0    -0.203677755165    4.43
23.19    1499.25    1499.25    1602.5    0.0    103.25    -0.203621026419    4.43
23.19    1499.25    1499.375    1602.5    -0.1524390243902439    103.25    -0.203649390792    4.43
23.19    1499.375    1499.375    1602.5    0.0    103.125    -0.203677755165    4.43
23.19    1499.25    1499.375    1602.375    -0.1524390243902439    103.125    -0.203706119538    4.43
23.19    1499.375    1499.25    1602.375    0.1524390243902439    103.0    -0.203734483911    4.43
23.19    1499.25    1499.125    1602.25    0.1524390243902439    103.0    -0.203706119538    4.43
23.19    1499.375    1499.125    1602.375    0.3048780487804878    103.0    -0.203706119538    4.43
23.19    1499.25    1499.125    1602.375    0.1524390243902439    103.125    -0.203706119538    4.43
23.19    1499.375    1499.125    1602.375    0.3048780487804878    103.0    -0.203734483911    4.43
23.19    1499.75    1499.125    1602.5    0.7621951219512195    102.75    -0.203734483911    4.43
23.19    1499.25    1499.25    1602.5    0.0    103.25    -0.203649390792    4.43
23.19    1499.375    1499.25    1602.5    0.1524390243902439    103.125    -0.203649390792    4.43
23.19    1499.375    1499.25    1602.5    0.1524390243902439    103.125    -0.203592662046    4.43
23.19    1499.75    1499.25    1602.375    0.6097560975609756    102.625    -0.203564297673    4.43
23.19    1499.25    1499.25    1602.375    0.0    103.125    -0.203426048436    4.44
23.19    1499.125    1499.125    1602.25    0.0    103.125    -0.203454413307    4.44
23.19    1499.375    1499.125    1602.375    0.3048780487804878    103.0    -0.203479204554    4.43
23.19    1499.125    1499.125    1602.375    0.0    103.25    -0.203479204554    4.43
23.19    1499.25    1499.125    1602.375    0.1524390243902439    103.125    -0.203507568927    4.43
23.19    1499.75    1499.125    1602.5    0.7621951219512195    102.75    -0.2035359333    4.43
23.19    1499.375    1499.25    1602.5    0.1524390243902439    103.125    -0.2035359333    4.43
23.19    1499.5    1499.25    1602.5    0.3048780487804878    103.0    -0.203507568927    4.43
23.19    1499.375    1499.25    1602.5    0.1524390243902439    103.125    -0.203479204554    4.43
23.19    1499.375    1499.375    1602.375    0.0    103.0    -0.203479204554    4.43
23.19    1499.375    1499.25    1602.25    0.1524390243902439    102.875    -0.203592662046    4.43
23.25    1499.25    1499.25    1602.375    0.0    103.125    -0.203564297673    4.43
23.19    1499.25    1499.125    1602.25    0.1524390243902439    103.0    -0.203527271309    4.43
23.19    1499.25    1499.125    1602.5    0.1524390243902439    103.25    -0.203555630523    4.43
23.19    1499.25    1499.125    1602.375    0.1524390243902439    103.125    -0.203527271309    4.43
23.19    1499.25    1499.25    1602.5    0.0    103.25    -0.203527271309    4.43
23.19    1499.25    1499.25    1602.5    0.0    103.25    -0.203669067379    4.43
23.25    1499.375    1499.375    1602.5    0.0    103.125    -0.203697426592    4.43
23.25    1499.375    1499.25    1602.5    0.1524390243902439    103.125    -0.203717090871    4.43
23.19    1499.375    1499.375    1602.375    0.0    103.0    -0.203680050204    4.43
23.25    1499.25    1499.25    1602.25    0.0    103.0    -0.203680050204    4.43
23.25    1499.25    1499.25    1602.25    0.0    103.0    -0.203671366757    4.43
23.25    1499.375    1499.125    1602.375    0.3048780487804878    103.0    -0.203671366757    4.43
23.25    1499.25    1499.125    1602.375    0.1524390243902439    103.125    -0.203606009282    4.43
23.25    1499.375    1499.125    1602.375    0.3048780487804878    103.0    -0.203569009012    4.43
23.25    1499.125    1499.25    1602.5    -0.1524390243902439    103.375    -0.203503693897    4.43
23.25    1499.375    1499.25    1602.5    0.1524390243902439    103.125    -0.203495048821    4.43
23.25    1499.25    1499.375    1602.5    -0.1524390243902439    103.25    -0.203429770877    4.43
23.25    1499.375    1499.375    1602.5    0.0    103.125    -0.203458088884    4.43
23.25    1499.25    1499.25    1602.5    0.0    103.25    -0.203486406892    4.43
23.25    1499.375    1499.25    1602.375    0.1524390243902439    103.0    -0.203449455242    4.43
23.25    1499.25    1499.125    1602.375    0.1524390243902439    103.125    -0.203421142377    4.43
23.25    1499.375    1499.125    1602.375    0.3048780487804878    103.0    -0.203392829512    4.43
23.25    1499.25    1499.125    1602.375    0.1524390243902439    103.125    -0.203392829512    4.43
23.25    1499.25    1499.25    1602.25    0.0    103.0    -0.203392829512    4.43
23.25    1499.375    1499.25    1602.5    0.1524390243902439    103.125    -0.203449455242    4.43
23.25    1499.25    1499.25    1602.5    0.0    103.25    -0.203392829512    4.43
23.25    1499.375    1499.25    1602.5    0.1524390243902439    103.125    -0.203421142377    4.43
23.25    1499.25    1499.375    1602.5    -0.1524390243902439    103.25    -0.203364516646    4.43
23.25    1499.375    1499.25    1602.5    0.1524390243902439    103.125    -0.203392829512    4.43
23.25    1499.125    1499.25    1602.25    -0.1524390243902439    103.125    -0.203364516646    4.43
23.25    1499.25    1499.125    1602.375    0.1524390243902439    103.125    -0.203421142377    4.43
23.25    1499.375    1499.25    1602.375    0.1524390243902439    103.0    -0.203421142377    4.43
23.25    1499.25    1499.125    1602.375    0.1524390243902439    103.125    -0.203449455242    4.43
23.25    1499.25    1499.25    1602.5    0.0    103.25    -0.203449455242    4.43
23.25    1499.625    1499.25    1602.5    0.4573170731707317    102.875    -0.203449455242    4.43
23.25    1499.25    1499.25    1602.5    0.0    103.25    -0.203392829512    4.43
23.25    1499.25    1499.25    1602.5    0.0    103.25    -0.203392829512    4.43
23.25    1499.25    1499.375    1602.5    -0.1524390243902439    103.25    -0.203421142377    4.43
23.25    1499.25    1499.25    1602.5    0.0    103.25    -0.203421142377    4.43
23.25    1498.875    1499.25    1602.375    -0.4573170731707317    103.5    -0.203449455242    4.43
23.25    1499.125    1499.25    1602.375    -0.1524390243902439    103.25    -0.203506080973    4.43
23.25    1499.25    1499.125    1602.375    0.1524390243902439    103.125    -0.203562706704    4.43
23.25    1499.25    1499.125    1602.375    0.1524390243902439    103.125    -0.203562706704    4.43
23.25    1499.375    1499.125    1602.375    0.3048780487804878    103.0    -0.203562706704    4.43
23.25    1499.75    1499.25    1602.625    0.6097560975609756    102.875    -0.203506080973    4.43
23.25    1499.25    1499.25    1602.5    0.0    103.25    -0.203477768108    4.43
23.25    1499.375    1499.375    1602.5    0.0    103.125    -0.203477768108    4.43
23.25    1499.375    1499.25    1602.5    0.1524390243902439    103.125    -0.203477768108    4.43
23.25    1499.25    1499.25    1602.5    0.0    103.25    -0.203421142377    4.43
23.25    1498.875    1499.25    1602.375    -0.4573170731707317    103.5    -0.203421142377    4.43
23.25    1499.25    1499.125    1602.375    0.1524390243902439    103.125    -0.203421142377    4.43
23.25    1499.375    1499.125    1602.5    0.3048780487804878    103.125    -0.203364516646    4.43
23.25    1499.25    1499.125    1602.375    0.1524390243902439    103.125    -0.203336203781    4.43
23.25    1499.25    1499.125    1602.375    0.1524390243902439    103.125    -0.203336203781    4.43
23.25    1499.625    1499.375    1602.375    0.3048780487804878    102.75    -0.203364516646    4.43
23.25    1499.375    1499.25    1602.625    0.1524390243902439    103.25    -0.203421142377    4.43
23.25    1499.25    1499.375    1602.5    -0.1524390243902439    103.25    -0.203392829512    4.43
23.25    1499.375    1499.25    1602.375    0.1524390243902439    103.0    -0.203421142377    4.43
23.25    1499.25    1499.25    1602.375    0.0    103.125    -0.203421142377    4.43
23.25    1499.375    1499.25    1602.25    0.1524390243902439    102.875    -0.203421142377    4.43
23.25    1499.25    1499.125    1602.25    0.1524390243902439    103.0    -0.203307890916    4.43
23.25    1499.25    1499.125    1602.25    0.1524390243902439    103.0    -0.203307890916    4.43
23.25    1499.25    1499.125    1602.375    0.1524390243902439    103.125    -0.203336203781    4.43
23.25    1499.25    1499.125    1602.375    0.1524390243902439    103.125    -0.203336203781    4.43
23.25    1499.625    1499.25    1602.5    0.4573170731707317    102.875    -0.203336203781    4.43
23.25    1499.375    1499.25    1602.5    0.1524390243902439    103.125    -0.203307890916    4.43
23.25    1499.375    1499.375    1602.375    0.0    103.0    -0.203307890916    4.43
23.25    1499.375    1499.375    1602.375    0.0    103.0    -0.203283152536    4.44
23.25    1499.375    1499.25    1602.375    0.1524390243902439    103.0    -0.203311465899    4.44
23.25    1499.0    1499.25    1602.25    -0.3048780487804878    103.25    -0.203283152536    4.44
23.25    1499.25    1499.125    1602.25    0.1524390243902439    103.0    -0.203364516646    4.43
23.25    1499.25    1499.125    1602.375    0.1524390243902439    103.125    -0.203364516646    4.43
23.25    1499.25    1499.125    1602.25    0.1524390243902439    103.0    -0.203364516646    4.43
23.25    1499.25    1499.25    1602.25    0.0    103.0    -0.203364516646    4.43
23.25    1499.375    1499.25    1602.375    0.1524390243902439    103.0    -0.203396405989    4.44
23.25    1499.25    1499.25    1602.375    0.0    103.125    -0.203449455242    4.43
23.25    1499.25    1499.25    1602.375    0.0    103.125    -0.203477768108    4.43
23.25    1499.375    1499.375    1602.375    0.0    103.0    -0.203477768108    4.43
23.25    1499.375    1499.25    1602.375    0.1524390243902439    103.0    -0.203477768108    4.43
23.25    1499.625    1499.25    1602.25    0.4573170731707317    102.625    -0.203477768108    4.43
23.25    1499.25    1499.25    1602.25    0.0    103.0    -0.203339779263    4.44
23.25    1499.375    1499.25    1602.25    0.1524390243902439    102.875    -0.203368092626    4.44
23.25    1499.25    1499.125    1602.25    0.1524390243902439    103.0    -0.203368092626    4.44
23.25    1499.25    1499.125    1602.375    0.1524390243902439    103.125    -0.203368092626    4.44
23.25    1499.5    1499.25    1602.375    0.3048780487804878    102.875    -0.203339779263    4.44
23.25    1499.25    1499.25    1602.375    0.0    103.125    -0.203311465899    4.44
23.25    1499.375    1499.375    1602.375    0.0    103.0    -0.203311465899    4.44
23.25    1499.25    1499.25    1602.375    0.0    103.125    -0.203311465899    4.44
23.25    1499.25    1499.375    1602.375    -0.1524390243902439    103.125    -0.203311465899    4.44
23.25    1499.375    1499.25    1602.25    0.1524390243902439    102.875    -0.203368092626    4.44
23.25    1499.25    1499.125    1602.25    0.1524390243902439    103.0    -0.203424719352    4.44
23.25    1499.375    1499.125    1602.375    0.3048780487804878    103.0    -0.203396405989    4.44
23.25    1499.25    1499.125    1602.25    0.1524390243902439    103.0    -0.203368092626    4.44
23.25    1499.25    1499.25    1602.25    0.0    103.0    -0.203368092626    4.44
23.25    1499.375    1499.25    1602.375    0.1524390243902439    103.0    -0.203396405989    4.44
23.25    1499.375    1499.375    1602.375    0.0    103.0    -0.203424719352    4.44
23.25    1499.25    1499.375    1602.375    -0.1524390243902439    103.125    -0.203424719352    4.44
23.25    1499.25    1499.375    1602.375    -0.1524390243902439    103.125    -0.203453032715    4.44
23.25    1499.25    1499.25    1602.375    0.0    103.125    -0.203481346078    4.44
23.25    1499.125    1499.25    1602.25    -0.1524390243902439    103.125    -0.203453032715    4.44
23.25    1499.625    1499.125    1602.25    0.6097560975609756    102.625    -0.203506080973    4.43
23.25    1499.25    1499.125    1602.25    0.1524390243902439    103.0    -0.203424719352    4.44
23.25    1499.25    1499.125    1602.375    0.1524390243902439    103.125    -0.203453032715    4.44
23.25    1499.25    1499.25    1602.375    0.0    103.125    -0.203453032715    4.44
23.25    1499.5    1499.375    1602.375    0.1524390243902439    102.875    -0.203453032715    4.44
23.25    1499.25    1499.25    1602.375    0.0    103.125    -0.203453032715    4.44
23.25    1499.75    1499.375    1602.375    0.4573170731707317    102.625    -0.203453032715    4.44
23.25    1499.375    1499.25    1602.375    0.1524390243902439    103.0    -0.203339779263    4.44
23.31    1499.375    1499.375    1602.375    0.0    103.0    -0.203283152536    4.44
23.31    1499.125    1499.25    1602.25    -0.1524390243902439    103.125    -0.203246244941    4.44
23.25    1499.25    1499.125    1602.25    0.1524390243902439    103.0    -0.203209350751    4.44
23.25    1499.25    1499.125    1602.375    0.1524390243902439    103.125    -0.203294260004    4.44
23.25    1499.25    1499.125    1602.375    0.1524390243902439    103.125    -0.203294260004    4.44
23.25    1499.25    1499.125    1602.375    0.1524390243902439    103.125    -0.203294260004    4.44
23.25    1499.375    1499.25    1602.375    0.1524390243902439    103.0    -0.20326595692    4.44
23.31    1499.25    1499.375    1602.375    -0.1524390243902439    103.125    -0.20326595692    4.44
23.25    1499.25    1499.375    1602.375    -0.1524390243902439    103.125    -0.203257363802    4.44
23.25    1499.375    1499.25    1602.375    0.1524390243902439    103.0    -0.203366978258    4.43
23.25    1499.375    1499.25    1602.375    0.1524390243902439    103.0    -0.203366978258    4.43
23.25    1499.125    1499.25    1602.25    -0.1524390243902439    103.125    -0.203375592208    4.43
23.31    1499.25    1499.125    1602.25    0.1524390243902439    103.0    -0.203412517017    4.43
23.25    1499.125    1499.125    1602.25    0.0    103.125    -0.203375592208    4.43
23.31    1499.25    1499.125    1602.25    0.1524390243902439    103.0    -0.203403894794    4.43
23.31    1499.75    1499.125    1602.375    0.7621951219512195    102.625    -0.203366978258    4.43
23.31    1499.375    1499.25    1602.375    0.1524390243902439    103.0    -0.203220480997    4.44
23.31    1499.375    1499.375    1602.375    0.0    103.0    -0.203183611581    4.44
23.25    1499.25    1499.375    1602.5    -0.1524390243902439    103.25    -0.203155323902    4.44
23.31    1499.25    1499.375    1602.375    -0.1524390243902439    103.125    -0.203155323902    4.44
23.31    1499.375    1499.375    1602.375    0.0    103.0    -0.203175038096    4.44
23.31    1499.125    1499.25    1602.25    -0.1524390243902439    103.125    -0.203166467726    4.44
23.31    1499.25    1499.125    1602.25    0.1524390243902439    103.0    -0.20312962818    4.44
23.31    1499.375    1499.125    1602.25    0.3048780487804878    102.875    -0.20312962818    4.44
23.31    1499.25    1499.125    1602.25    0.1524390243902439    103.0    -0.203036267665    4.44
23.31    1499.375    1499.25    1602.25    0.1524390243902439    102.875    -0.203036267665    4.44
23.31    1499.375    1499.25    1602.5    0.1524390243902439    103.125    -0.203149336329    4.44
23.31    1499.375    1499.25    1602.5    0.1524390243902439    103.125    -0.203149336329    4.44
23.31    1499.25    1499.375    1602.5    -0.1524390243902439    103.25    -0.203121069163    4.44
23.31    1499.375    1499.375    1602.375    0.0    103.0    -0.203084251213    4.44
23.31    1499.25    1499.25    1602.375    0.0    103.125    -0.203055989171    4.44
23.31    1499.25    1499.125    1602.375    0.1524390243902439    103.125    -0.203055989171    4.44
23.31    1499.25    1499.125    1602.25    0.1524390243902439    103.0    -0.202999465087    4.44
23.31    1499.25    1499.125    1602.375    0.1524390243902439    103.125    -0.202999465087    4.44
23.31    1499.25    1499.125    1602.25    0.1524390243902439    103.0    -0.203024152775    4.43
23.31    1499.375    1499.25    1602.375    0.1524390243902439    103.0    -0.203024152775    4.43
23.31    1499.375    1499.25    1602.5    0.1524390243902439    103.125    -0.203024152775    4.43
23.31    1499.25    1499.25    1602.5    0.0    103.25    -0.203024152775    4.43
23.31    1499.25    1499.375    1602.375    -0.1524390243902439    103.125    -0.203052414319    4.43
23.31    1499.375    1499.375    1602.375    0.0    103.0    -0.203052414319    4.43
23.31    1499.25    1499.25    1602.375    0.0    103.125    -0.203052414319    4.43
23.31    1499.25    1499.25    1602.25    0.0    103.0    -0.203052414319    4.43
23.31    1499.25    1499.125    1602.25    0.1524390243902439    103.0    -0.203080675864    4.43
23.31    1499.375    1499.125    1602.375    0.3048780487804878    103.0    -0.203080675864    4.43
23.31    1499.75    1499.25    1602.375    0.6097560975609756    102.625    -0.203052414319    4.43
23.31    1499.25    1499.25    1602.25    0.0    103.0    -0.202971203045    4.44
23.31    1499.375    1499.375    1602.375    0.0    103.0    -0.202999465087    4.44
23.31    1499.375    1499.375    1602.5    0.0    103.125    -0.203027727129    4.44
23.31    1499.875    1499.375    1602.375    0.6097560975609756    102.5    -0.203027727129    4.44
23.31    1499.375    1499.375    1602.375    0.0    103.0    -0.202886416919    4.44
23.31    1499.375    1499.25    1602.375    0.1524390243902439    103.0    -0.202886416919    4.44
23.31    1499.25    1499.25    1602.25    0.0    103.0    -0.202858154877    4.44
23.31    1499.25    1499.125    1602.375    0.1524390243902439    103.125    -0.202858154877    4.44
23.31    1499.25    1499.125    1602.25    0.1524390243902439    103.0    -0.202858154877    4.44
23.31    1499.375    1499.125    1602.375    0.3048780487804878    103.0    -0.202886416919    4.44
23.31    1499.25    1499.125    1602.375    0.1524390243902439    103.125    -0.202942941003    4.44
23.31    1499.375    1499.25    1602.5    0.1524390243902439    103.125    -0.202914678961    4.44
23.31    1499.25    1499.375    1602.375    -0.1524390243902439    103.125    -0.202886416919    4.44
23.31    1499.375    1499.375    1602.375    0.0    103.0    -0.202914678961    4.44
23.31    1499.25    1499.375    1602.375    -0.1524390243902439    103.125    -0.203027727129    4.44
23.31    1499.25    1499.25    1602.375    0.0    103.125    -0.203052414319    4.43
23.31    1499.25    1499.25    1602.25    0.0    103.0    -0.203080675864    4.43
23.31    1499.375    1499.25    1602.25    0.1524390243902439    102.875    -0.203080675864    4.43
23.31    1499.25    1499.125    1602.25    0.1524390243902439    103.0    -0.203084251213    4.44
23.31    1499.25    1499.125    1602.375    0.1524390243902439    103.125    -0.203084251213    4.44
23.31    1499.25    1499.125    1602.375    0.1524390243902439    103.125    -0.203108937408    4.43
23.31    1499.375    1499.25    1602.5    0.1524390243902439    103.125    -0.203108937408    4.43
23.31    1499.25    1499.375    1602.5    -0.1524390243902439    103.25    -0.203108937408    4.43
23.31    1499.375    1499.375    1602.5    0.0    103.125    -0.203108937408    4.43
23.31    1499.25    1499.375    1602.375    -0.1524390243902439    103.125    -0.203108937408    4.43
23.31    1499.375    1499.375    1602.375    0.0    103.0    -0.203108937408    4.43
23.31    1499.25    1499.25    1602.25    0.0    103.0    -0.203108937408    4.43
23.31    1499.375    1499.125    1602.375    0.3048780487804878    103.0    -0.203108937408    4.43
23.31    1499.25    1499.125    1602.25    0.1524390243902439    103.0    -0.203080675864    4.43
23.31    1499.25    1499.25    1602.25    0.0    103.0    -0.203080675864    4.43
23.31    1499.25    1499.25    1602.375    0.0    103.125    -0.203108937408    4.43
23.31    1499.375    1499.25    1602.375    0.1524390243902439    103.0    -0.203137198953    4.43
23.31    1499.25    1499.25    1602.375    0.0    103.125    -0.203137198953    4.43
23.31    1499.375    1499.375    1602.625    0.0    103.25    -0.203112513255    4.44
23.31    1499.375    1499.375    1602.375    0.0    103.0    -0.203108937408    4.43
23.31    1499.75    1499.375    1602.375    0.4573170731707317    102.625    -0.203084251213    4.44
23.31    1499.25    1499.25    1602.25    0.0    103.0    -0.202999465087    4.44
23.31    1499.625    1499.25    1602.375    0.4573170731707317    102.75    -0.202999465087    4.44
23.31    1499.25    1499.25    1602.375    0.0    103.125    -0.202971203045    4.44
23.31    1499.25    1499.125    1602.375    0.1524390243902439    103.125    -0.202999465087    4.44
23.31    1499.25    1499.25    1602.375    0.0    103.125    -0.202971203045    4.44
23.31    1499.375    1499.375    1602.5    0.0    103.125    -0.202971203045    4.44
23.31    1499.375    1499.375    1602.375    0.0    103.0    -0.202999465087    4.44
23.31    1499.875    1499.375    1602.375    0.6097560975609756    102.5    -0.202999465087    4.44
23.31    1499.375    1499.375    1602.375    0.0    103.0    -0.202886416919    4.44
23.31    1499.375    1499.25    1602.375    0.1524390243902439    103.0    -0.202886416919    4.44
23.31    1499.125    1499.25    1602.375    -0.1524390243902439    103.25    -0.202942941003    4.44
23.31    1499.375    1499.25    1602.375    0.1524390243902439    103.0    -0.202971203045    4.44
23.31    1499.375    1499.25    1602.25    0.1524390243902439    102.875    -0.203027727129    4.44
23.31    1499.25    1499.25    1602.375    0.0    103.125    -0.202999465087    4.44
23.31    1499.375    1499.25    1602.375    0.1524390243902439    103.0    -0.203027727129    4.44
23.31    1499.25    1499.375    1602.5    -0.1524390243902439    103.25    -0.202999465087    4.44
23.31    1499.375    1499.375    1602.5    0.0    103.125    -0.203027727129    4.44
23.31    1499.25    1499.375    1602.5    -0.1524390243902439    103.25    -0.203027727129    4.44
23.31    1499.25    1499.375    1602.5    -0.1524390243902439    103.25    -0.203165460497    4.43
23.31    1499.375    1499.25    1602.375    0.1524390243902439    103.0    -0.203193722042    4.43
23.31    1499.25    1499.25    1602.375    0.0    103.125    -0.203193722042    4.43
23.31    1499.25    1499.25    1602.25    0.0    103.0    -0.203165460497    4.43
23.31    1499.375    1499.25    1602.375    0.1524390243902439    103.0    -0.203193722042    4.43
23.31    1499.375    1499.125    1602.375    0.3048780487804878    103.0    -0.203193722042    4.43
23.31    1499.375    1499.25    1602.375    0.1524390243902439    103.0    -0.203137198953    4.43
23.31    1499.25    1499.25    1602.5    0.0    103.25    -0.203137198953    4.43
23.31    1499.375    1499.25    1602.5    0.1524390243902439    103.125    -0.203108937408    4.43
23.31    1499.375    1499.375    1602.5    0.0    103.125    -0.203080675864    4.43
23.31    1499.375    1499.375    1602.5    0.0    103.125    -0.203052414319    4.43
23.31    1499.25    1499.25    1602.5    0.0    103.25    -0.203024152775    4.43
23.31    1499.375    1499.25    1602.375    0.1524390243902439    103.0    -0.203052414319    4.43
23.31    1499.25    1499.25    1602.375    0.0    103.125    -0.203024152775    4.43
23.31    1499.25    1499.125    1602.25    0.1524390243902439    103.0    -0.203024152775    4.43
23.31    1499.625    1499.25    1602.375    0.4573170731707317    102.75    -0.203024152775    4.43
23.31    1499.25    1499.25    1602.375    0.0    103.125    -0.20299589123    4.43
23.31    1499.25    1499.25    1602.5    0.0    103.25    -0.203024152775    4.43
23.31    1499.375    1499.375    1602.5    0.0    103.125    -0.203024152775    4.43
23.31    1499.75    1499.375    1602.5    0.4573170731707317    102.75    -0.203052414319    4.43
23.31    1499.375    1499.375    1602.375    0.0    103.0    -0.202971203045    4.44
23.31    1499.25    1499.25    1602.375    0.0    103.125    -0.202971203045    4.44
23.31    1499.25    1499.25    1602.375    0.0    103.125    -0.202971203045    4.44
23.31    1499.125    1499.125    1602.25    0.0    103.125    -0.202999465087    4.44
23.31    1499.375    1499.125    1602.375    0.3048780487804878    103.0    -0.202999465087    4.44
23.31    1499.625    1499.25    1602.375    0.4573170731707317    102.75    -0.202971203045    4.44
23.31    1499.375    1499.25    1602.375    0.1524390243902439    103.0    -0.202971203045    4.44
