# wireless pH sensor data log
# Date: 20171020_11_13_23
# Temperature (℃), Voltage of pH, ref to RE (mV), Free Cl Current (nA), pH Value, Free Cl (ppm)
# 
24.37    0.0    -3995.75    6.14    -0.219393130307
24.31    0.125    -3996.25    6.14    -0.614846414172
24.37    0.0625    -3996.25    6.14    -1.00486151251
24.37    0.0625    -3996.7500000000005    6.14    -1.3892153987
24.37    0.0625    -3996.7500000000005    6.14    -1.76818947963
24.37    0.0625    -3996.5    6.14    -2.14185128403
24.31    0.125    -3996.7500000000005    6.14    -2.51029034339
24.31    0.0625    -3996.5    6.14    -2.87416789239
24.37    0.125    -3996.5    6.14    -3.23315795154
24.31    0.0    -3996.0000000000005    6.14    -3.58676478699
24.37    0.0625    -3995.2499999999995    6.14    -3.93622032301
24.37    0.0    -3995.5    6.14    -3.93617363665
24.31    -0.0625    -3995.2499999999995    6.14    -3.93542937647
24.37    0.0625    -3995.5    6.14    -3.93601023439
24.31    0.0    -3995.5    6.14    -3.93589351849
24.37    0.0625    -3995.2499999999995    6.14    -3.93645121368
24.37    0.0    -3995.5    6.14    -3.93633447779
24.37    0.0    -3996.0000000000005    6.14    -3.9355433708
24.37    0.0    -3996.5    6.14    -3.93482255776
24.37    0.0625    -3996.7500000000005    6.14    -3.93482255776
24.37    0.0625    -3996.9999999999995    6.14    -3.93421867292
24.37    0.0    -3996.5    6.14    -3.93438201921
24.37    0.0    -3996.25    6.14    -3.93447535994
24.37    0.0    -3996.0000000000005    6.14    -3.93389497453
24.37    -0.0625    -3995.5    6.14    -3.93394163691
24.37    -0.0625    -3995.2499999999995    6.14    -3.93326813883
24.37    0.0625    -3994.75    6.14    -3.93326813883
24.37    0.125    -3995.0000000000005    6.14    -3.93319815725
24.37    0.0625    -3995.75    6.14    -3.93310484847
24.37    0.1875    -3995.5    6.14    -3.93303486689
24.37    0.125    -3995.5    6.14    -3.93291823092
24.37    0.0625    -3996.0000000000005    6.14    -3.93277826776
24.37    0.0625    -3996.9999999999995    6.14    -3.93273161337
24.37    0.0625    -3996.7500000000005    6.14    -3.93280159495
24.37    0.0625    -3996.9999999999995    6.14    -3.93287157653
24.37    -0.0625    -3996.9999999999995    6.14    -3.9330115397
24.37    -0.0625    -3996.5    6.14    -3.93317483005
24.37    -0.0625    -3996.0000000000005    6.14    -3.93333812041
24.37    -0.0625    -3995.75    6.14    -3.93343142919
24.37    -0.0625    -3996.0000000000005    6.14    -3.93343142919
24.37    0.0    -3996.25    6.14    -3.93347808357
